,Datetime_Extraction,Total_Votes,KH_Vote_Count,KH_Vote_Pct,DT_Vote_Count,DT_Vote_Pct,Pct_Reported,Additional_Votes_Since_Last_Update,Additional_Trump_Votes_Since_Last_Update,Additional_Harris_Votes_Since_Last_Update,Pct_New_Votes_For_Trump,Pct_New_Votes_For_Harris
2,2024-11-05 21:00:32.582562,66564.00,27970.00,41.00,38594.00,56.00,2.04,1054.00,844.00,210.00,80.08,19.92
3,2024-11-05 21:02:36.933841,66575.00,27909.00,41.00,38666.00,56.00,2.04,11.00,72.00,-61.00,654.55,-554.55
4,2024-11-05 21:05:49.555812,67031.00,28096.00,41.00,38935.00,56.00,2.05,456.00,269.00,187.00,58.99,41.01
12,2024-11-05 21:42:41.128352,173323.00,64953.00,36.00,108370.00,60.00,5.38,1986.00,1402.00,584.00,70.59,29.41
13,2024-11-05 21:43:18.262165,173203.00,64873.00,36.00,108330.00,60.00,5.33,-120.00,-40.00,-80.00,33.33,66.67
14,2024-11-05 21:47:38.421173,173657.00,65048.00,36.00,108609.00,60.00,5.34,454.00,279.00,175.00,61.45,38.55
19,2024-11-05 22:00:31.328198,367930.00,140410.00,37.00,227520.00,60.00,11.29,71224.00,41726.00,29498.00,58.58,41.42
20,2024-11-05 22:04:49.726722,367814.00,140376.00,37.00,227438.00,60.00,11.28,-116.00,-82.00,-34.00,70.69,29.31
21,2024-11-05 22:05:42.401504,375582.00,142928.00,37.00,232654.00,60.00,11.52,7768.00,5216.00,2552.00,67.15,32.85
25,2024-11-05 22:13:13.895264,440919.00,168531.00,37.00,272388.00,60.00,13.51,1891.00,996.00,895.00,52.67,47.33
26,2024-11-05 22:13:38.494100,441007.00,168494.00,37.00,272513.00,60.00,13.51,88.00,125.00,-37.00,142.05,-42.05
27,2024-11-05 22:15:02.897578,444540.00,169728.00,37.00,274812.00,60.00,13.62,3533.00,2299.00,1234.00,65.07,34.93
38,2024-11-05 22:50:14.116926,1691518.00,918669.00,53.00,772849.00,44.00,52.28,29458.00,18955.00,10503.00,64.35,35.65
39,2024-11-05 22:51:02.443436,1691679.00,918087.00,53.00,773592.00,44.00,52.28,161.00,743.00,-582.00,461.49,-361.49
40,2024-11-05 22:54:33.397491,1698816.00,920247.00,53.00,778569.00,44.00,52.52,7137.00,4977.00,2160.00,69.74,30.26
50,2024-11-05 23:09:06.006684,1779924.00,949998.00,52.00,829926.00,45.00,55.02,3316.00,1897.00,1419.00,57.21,42.79
51,2024-11-05 23:10:30.753799,1769138.00,941573.00,52.00,827565.00,45.00,54.68,-10786.00,-2361.00,-8425.00,21.89,78.11
52,2024-11-05 23:11:27.827937,1806419.00,954895.00,51.00,851524.00,46.00,55.83,37281.00,23959.00,13322.00,64.27,35.73
63,2024-11-05 23:41:09.356070,2010291.00,1037318.00,50.00,972973.00,47.00,62.19,11191.00,8013.00,3178.00,71.60,28.40
64,2024-11-05 23:45:48.578566,2003244.00,1034837.00,50.00,968407.00,47.00,61.88,-7047.00,-4566.00,-2481.00,64.79,35.21
65,2024-11-05 23:50:24.132423,2043283.00,1048805.00,50.00,994478.00,47.00,63.11,40039.00,26071.00,13968.00,65.11,34.89
100,2024-11-06 03:20:29.193484,3156225.00,1650012.00,51.00,1506213.00,46.00,98.25,175.00,78.00,97.00,44.57,55.43
101,2024-11-06 03:30:41.660821,3156220.00,1650011.00,51.00,1506209.00,46.00,98.25,-5.00,-4.00,-1.00,80.00,20.00
102,2024-11-06 03:40:29.040283,3156218.00,1650011.00,51.00,1506207.00,46.00,98.43,-2.00,-2.00,0.00,100.00,-0.00
103,2024-11-06 03:50:12.936850,3161342.00,1652249.00,51.00,1509093.00,46.00,98.59,5124.00,2886.00,2238.00,56.32,43.68
104,2024-11-06 04:00:17.910657,3161341.00,1652248.00,51.00,1509093.00,46.00,98.59,-1.00,0.00,-1.00,-0.00,100.00
105,2024-11-06 04:10:39.900319,3161340.00,1652247.00,51.00,1509093.00,46.00,98.59,-1.00,0.00,-1.00,-0.00,100.00
106,2024-11-06 04:20:51.655329,3162215.00,1652793.00,51.00,1509422.00,46.00,98.62,875.00,329.00,546.00,37.60,62.40
107,2024-11-06 07:40:01.575714,3162389.00,1652867.00,51.00,1509522.00,46.00,98.47,174.00,100.00,74.00,57.47,42.53
108,2024-11-06 07:50:22.850566,3162388.00,1652866.00,51.00,1509522.00,46.00,98.47,-1.00,0.00,-1.00,-0.00,100.00
109,2024-11-06 07:58:07.154129,3165524.00,1653522.00,51.00,1512002.00,46.00,98.57,3136.00,2480.00,656.00,79.08,20.92
110,2024-11-06 08:40:20.445247,3165043.00,1653381.00,51.00,1511662.00,46.00,98.55,-481.00,-340.00,-141.00,70.69,29.31
111,2024-11-06 09:30:26.485621,3169845.00,1654589.00,51.00,1515256.00,46.00,98.73,4802.00,3594.00,1208.00,74.84,25.16
112,2024-11-06 09:47:39.747396,3169843.00,1654587.00,51.00,1515256.00,46.00,98.73,-2.00,0.00,-2.00,-0.00,100.00
113,2024-11-06 09:54:01.135265,3169831.00,1654579.00,51.00,1515252.00,46.00,98.72,-12.00,-4.00,-8.00,33.33,66.67
114,2024-11-06 10:00:04.024816,3174793.00,1656401.00,51.00,1518392.00,46.00,98.87,4962.00,3140.00,1822.00,63.28,36.72
115,2024-11-06 10:13:39.722525,3174784.00,1656395.00,51.00,1518389.00,46.00,98.87,-9.00,-3.00,-6.00,33.33,66.67
116,2024-11-06 10:22:12.469760,3174779.00,1656391.00,51.00,1518388.00,46.00,98.86,-5.00,-1.00,-4.00,20.00,80.00
117,2024-11-06 10:32:16.613474,3174773.00,1656387.00,51.00,1518386.00,46.00,98.86,-6.00,-2.00,-4.00,33.33,66.67
118,2024-11-06 10:40:11.807934,3174764.00,1656381.00,51.00,1518383.00,46.00,98.86,-9.00,-3.00,-6.00,33.33,66.67
119,2024-11-06 10:55:22.065004,3174758.00,1656377.00,51.00,1518381.00,46.00,98.85,-6.00,-2.00,-4.00,33.33,66.67
120,2024-11-06 11:09:46.417483,3174757.00,1656377.00,51.00,1518380.00,46.00,98.85,-1.00,-1.00,0.00,100.00,-0.00
121,2024-11-06 11:41:32.500055,3174767.00,1656376.00,51.00,1518391.00,46.00,98.85,10.00,11.00,-1.00,110.00,-10.00
122,2024-11-06 12:24:40.913242,3174766.00,1656376.00,51.00,1518390.00,46.00,98.85,-1.00,-1.00,0.00,100.00,-0.00
123,2024-11-06 13:11:52.544502,3174765.00,1656375.00,51.00,1518390.00,46.00,98.85,-1.00,0.00,-1.00,-0.00,100.00
124,2024-11-06 13:23:42.628955,3174763.00,1656374.00,51.00,1518389.00,46.00,98.85,-2.00,-1.00,-1.00,50.00,50.00
125,2024-11-06 13:45:40.381124,3174973.00,1656505.00,51.00,1518468.00,46.00,98.65,210.00,79.00,131.00,37.62,62.38
126,2024-11-06 14:12:16.362949,3174974.00,1656505.00,51.00,1518469.00,46.00,98.65,1.00,1.00,0.00,100.00,0.00
127,2024-11-06 14:25:26.105126,3170403.00,1653838.00,51.00,1516565.00,46.00,98.51,-4571.00,-1904.00,-2667.00,41.65,58.35
128,2024-11-06 15:10:22.655939,3170404.00,1653839.00,51.00,1516565.00,46.00,98.50,1.00,0.00,1.00,0.00,100.00
129,2024-11-06 15:30:20.611415,3170405.00,1653839.00,51.00,1516566.00,46.00,98.93,1.00,1.00,0.00,100.00,0.00
130,2024-11-06 16:00:14.849498,3170095.00,1653748.00,51.00,1516347.00,46.00,98.92,-310.00,-219.00,-91.00,70.65,29.35
131,2024-11-06 17:20:43.401028,3170094.00,1653747.00,51.00,1516347.00,46.00,98.92,-1.00,0.00,-1.00,-0.00,100.00
132,2024-11-06 17:29:50.246182,3170091.00,1653747.00,51.00,1516344.00,46.00,98.92,-3.00,-3.00,0.00,100.00,-0.00
133,2024-11-06 17:40:23.344826,3170088.00,1653747.00,51.00,1516341.00,46.00,98.92,-3.00,-3.00,0.00,100.00,-0.00
134,2024-11-06 22:50:16.697519,3170086.00,1653745.00,51.00,1516341.00,46.00,98.92,-2.00,0.00,-2.00,-0.00,100.00
135,2024-11-07 10:10:20.182183,3170085.00,1653744.00,51.00,1516341.00,46.00,98.92,-1.00,0.00,-1.00,-0.00,100.00
136,2024-11-07 10:30:17.272255,3170096.00,1653744.00,51.00,1516352.00,46.00,98.93,11.00,11.00,0.00,100.00,0.00
137,2024-11-07 12:40:00.881965,3170093.00,1653744.00,51.00,1516349.00,46.00,98.93,-3.00,-3.00,0.00,100.00,-0.00
138,2024-11-07 15:30:20.763646,3169484.00,1653607.00,51.00,1515877.00,46.00,98.91,-609.00,-472.00,-137.00,77.50,22.50
139,2024-11-07 15:41:29.032472,3169691.00,1653725.00,51.00,1515966.00,46.00,98.91,207.00,89.00,118.00,43.00,57.00
140,2024-11-07 15:50:14.540802,3169689.00,1653724.00,51.00,1515965.00,46.00,98.91,-2.00,-1.00,-1.00,50.00,50.00
141,2024-11-07 16:10:19.568199,3169690.00,1653724.00,51.00,1515966.00,46.00,98.91,1.00,1.00,0.00,100.00,0.00
142,2024-11-07 16:30:23.152239,3170167.00,1653863.00,51.00,1516304.00,46.00,98.93,477.00,338.00,139.00,70.86,29.14
143,2024-11-07 16:40:36.708650,3169686.00,1653722.00,51.00,1515964.00,46.00,98.91,-481.00,-340.00,-141.00,70.69,29.31
144,2024-11-07 17:00:09.718061,3170298.00,1653859.00,51.00,1516439.00,46.00,98.93,612.00,475.00,137.00,77.61,22.39
145,2024-11-07 19:51:25.721452,3170299.00,1653859.00,51.00,1516440.00,46.00,98.93,1.00,1.00,0.00,100.00,0.00
146,2024-11-07 20:00:11.795201,3170297.00,1653858.00,51.00,1516439.00,46.00,98.93,-2.00,-1.00,-1.00,50.00,50.00
147,2024-11-07 20:11:27.397584,3172698.00,1656279.00,51.00,1516419.00,46.00,98.94,2401.00,-20.00,2421.00,-0.83,100.83
148,2024-11-07 20:20:05.450778,3172696.00,1656279.00,51.00,1516417.00,46.00,98.94,-2.00,-2.00,0.00,100.00,-0.00
149,2024-11-07 20:49:56.804866,3175224.00,1656769.00,51.00,1518455.00,46.00,99.00,2528.00,2038.00,490.00,80.62,19.38
150,2024-11-08 07:30:19.105935,3175223.00,1656768.00,51.00,1518455.00,46.00,99.00,-1.00,0.00,-1.00,-0.00,100.00
151,2024-11-08 07:34:11.831132,3175220.00,1656768.00,51.00,1518452.00,46.00,99.00,-3.00,-3.00,0.00,100.00,-0.00
152,2024-11-08 09:10:14.710329,3175219.00,1656768.00,51.00,1518451.00,46.00,99.00,-1.00,-1.00,0.00,100.00,-0.00
153,2024-11-08 09:59:56.427332,3175216.00,1656766.00,51.00,1518450.00,46.00,99.00,-3.00,-1.00,-2.00,33.33,66.67
154,2024-11-08 12:10:03.638485,3175211.00,1656765.00,51.00,1518446.00,46.00,99.00,-5.00,-4.00,-1.00,80.00,20.00
155,2024-11-08 12:20:21.051635,3175210.00,1656764.00,51.00,1518446.00,46.00,99.00,-1.00,0.00,-1.00,-0.00,100.00
156,2024-11-08 13:00:18.252136,3175209.00,1656764.00,51.00,1518445.00,46.00,99.00,-1.00,-1.00,0.00,100.00,-0.00
157,2024-11-08 15:00:21.172633,3175207.00,1656763.00,51.00,1518444.00,46.00,99.00,-2.00,-1.00,-1.00,50.00,50.00
158,2024-11-08 15:20:31.627020,3175204.00,1656762.00,51.00,1518442.00,46.00,99.00,-3.00,-2.00,-1.00,66.67,33.33
159,2024-11-09 00:20:19.357749,3175190.00,1656734.00,51.00,1518456.00,46.00,99.00,-14.00,14.00,-28.00,-100.00,200.00
160,2024-11-09 10:20:35.697599,3175468.00,1656816.00,51.00,1518652.00,46.00,99.00,278.00,196.00,82.00,70.50,29.50
