,Datetime_Extraction,Total_Votes,State,KH_Vote_Count,KH_Vote_Pct,DT_Vote_Count,DT_Vote_Pct,Pct_Reported,Additional_Votes_Since_Last_Update,Additional_Trump_Votes_Since_Last_Update,Additional_Harris_Votes_Since_Last_Update,Pct_New_Votes_For_Trump,Pct_New_Votes_For_Harris
0,2024-11-05 13:57:33.481434,0.00,New_Mexico,0.00,0.00,0.00,0.00,0.00,0.00,0.00,0.00,0.00,0.00
1,2024-11-05 20:02:55.093331,154283.00,New_Mexico,77141.00,20.00,77142.00,20.00,41.05,154283.00,77142.00,77141.00,50.00,50.00
2,2024-11-05 20:12:22.410061,14501.00,New_Mexico,3827.00,26.00,10674.00,72.00,1.56,-139782.00,-66468.00,-73314.00,47.55,52.45
3,2024-11-05 20:19:11.059684,79934.00,New_Mexico,41194.00,50.00,38740.00,47.00,8.65,65433.00,28066.00,37367.00,42.89,57.11
4,2024-11-05 20:19:59.838346,96760.00,New_Mexico,51058.00,51.00,45702.00,46.00,10.49,16826.00,6962.00,9864.00,41.38,58.62
5,2024-11-05 20:23:31.644995,101489.00,New_Mexico,52828.00,51.00,48661.00,47.00,11.00,4729.00,2959.00,1770.00,62.57,37.43
6,2024-11-05 20:33:08.643788,108345.00,New_Mexico,56025.00,50.00,52320.00,47.00,11.74,6856.00,3659.00,3197.00,53.37,46.63
7,2024-11-05 20:33:50.117705,122907.00,New_Mexico,58778.00,47.00,64129.00,51.00,13.31,14562.00,11809.00,2753.00,81.09,18.91
8,2024-11-05 20:59:43.218810,179263.00,New_Mexico,87991.00,48.00,91272.00,50.00,19.42,56356.00,27143.00,29213.00,48.16,51.84
9,2024-11-05 21:00:32.582562,179489.00,New_Mexico,88060.00,48.00,91429.00,50.00,19.44,226.00,157.00,69.00,69.47,30.53
10,2024-11-05 21:04:14.093181,182967.00,New_Mexico,89801.00,48.00,93166.00,50.00,19.82,3478.00,1737.00,1741.00,49.94,50.06
11,2024-11-05 21:04:42.023415,196647.00,New_Mexico,92170.00,46.00,104477.00,52.00,21.29,13680.00,11311.00,2369.00,82.68,17.32
12,2024-11-05 21:05:49.555812,197720.00,New_Mexico,92493.00,45.00,105227.00,52.00,21.41,1073.00,750.00,323.00,69.90,30.10
13,2024-11-05 21:09:12.725190,199748.00,New_Mexico,93533.00,46.00,106215.00,52.00,21.63,2028.00,988.00,1040.00,48.72,51.28
14,2024-11-05 21:11:07.225884,200373.00,New_Mexico,93973.00,46.00,106400.00,52.00,21.70,625.00,185.00,440.00,29.60,70.40
15,2024-11-05 21:11:51.714687,204294.00,New_Mexico,97007.00,46.00,107287.00,51.00,22.12,3921.00,887.00,3034.00,22.62,77.38
16,2024-11-05 21:14:23.104368,206007.00,New_Mexico,97392.00,46.00,108615.00,51.00,22.31,1713.00,1328.00,385.00,77.52,22.48
17,2024-11-05 21:15:29.589049,209322.00,New_Mexico,98655.00,46.00,110667.00,51.00,22.67,3315.00,2052.00,1263.00,61.90,38.10
18,2024-11-05 21:15:48.639148,259145.00,New_Mexico,136393.00,51.00,122752.00,46.00,28.06,49823.00,12085.00,37738.00,24.26,75.74
19,2024-11-05 21:23:01.910582,272854.00,New_Mexico,143660.00,51.00,129194.00,46.00,29.55,13709.00,6442.00,7267.00,46.99,53.01
20,2024-11-05 21:23:19.745232,271731.00,New_Mexico,143086.00,51.00,128645.00,46.00,29.43,-1123.00,-549.00,-574.00,48.89,51.11
21,2024-11-05 21:24:09.716634,272851.00,New_Mexico,143412.00,51.00,129439.00,46.00,29.55,1120.00,794.00,326.00,70.89,29.11
22,2024-11-05 21:25:11.293925,273974.00,New_Mexico,143986.00,51.00,129988.00,46.00,29.67,1123.00,549.00,574.00,48.89,51.11
23,2024-11-05 21:26:38.853856,275878.00,New_Mexico,144945.00,51.00,130933.00,46.00,29.88,1904.00,945.00,959.00,49.63,50.37
24,2024-11-05 21:31:34.395809,320101.00,New_Mexico,157798.00,48.00,162303.00,49.00,34.67,44223.00,31370.00,12853.00,70.94,29.06
25,2024-11-05 21:34:16.872461,558938.00,New_Mexico,305595.00,53.00,253343.00,44.00,60.62,238837.00,91040.00,147797.00,38.12,61.88
26,2024-11-05 21:35:29.038173,561123.00,New_Mexico,306665.00,53.00,254458.00,44.00,60.86,2185.00,1115.00,1070.00,51.03,48.97
27,2024-11-05 21:39:06.902225,561823.00,New_Mexico,306822.00,53.00,255001.00,44.00,60.94,700.00,543.00,157.00,77.57,22.43
28,2024-11-05 21:39:30.570254,567401.00,New_Mexico,308624.00,53.00,258777.00,44.00,61.55,5578.00,3776.00,1802.00,67.69,32.31
29,2024-11-05 21:40:31.275843,567514.00,New_Mexico,308668.00,53.00,258846.00,44.00,61.56,113.00,69.00,44.00,61.06,38.94
30,2024-11-05 21:45:25.190192,571848.00,New_Mexico,310488.00,53.00,261360.00,44.00,62.03,4334.00,2514.00,1820.00,58.01,41.99
31,2024-11-05 21:46:40.590113,573400.00,New_Mexico,311182.00,53.00,262218.00,44.00,62.20,1552.00,858.00,694.00,55.28,44.72
32,2024-11-05 21:48:02.898043,594012.00,New_Mexico,318804.00,52.00,275208.00,45.00,64.45,20612.00,12990.00,7622.00,63.02,36.98
33,2024-11-05 21:49:13.567151,597263.00,New_Mexico,320598.00,52.00,276665.00,45.00,64.80,3251.00,1457.00,1794.00,44.82,55.18
34,2024-11-05 21:54:24.443597,602199.00,New_Mexico,323379.00,52.00,278820.00,45.00,65.34,4936.00,2155.00,2781.00,43.66,56.34
35,2024-11-05 21:55:18.179871,602955.00,New_Mexico,323607.00,52.00,279348.00,45.00,65.43,756.00,528.00,228.00,69.84,30.16
36,2024-11-05 21:57:58.693327,603289.00,New_Mexico,323760.00,52.00,279529.00,45.00,65.46,334.00,181.00,153.00,54.19,45.81
37,2024-11-05 21:59:19.385907,604468.00,New_Mexico,324548.00,52.00,279920.00,45.00,65.59,1179.00,391.00,788.00,33.16,66.84
38,2024-11-05 22:04:02.576674,605284.00,New_Mexico,325002.00,52.00,280282.00,45.00,65.69,816.00,362.00,454.00,44.36,55.64
39,2024-11-05 22:04:22.169100,609262.00,New_Mexico,326688.00,52.00,282574.00,45.00,66.12,3978.00,2292.00,1686.00,57.62,42.38
40,2024-11-05 22:04:49.726722,611862.00,New_Mexico,328086.00,52.00,283776.00,45.00,66.41,2600.00,1202.00,1398.00,46.23,53.77
41,2024-11-05 22:05:42.401504,615069.00,New_Mexico,329620.00,52.00,285449.00,45.00,66.76,3207.00,1673.00,1534.00,52.17,47.83
42,2024-11-05 22:08:57.555327,616912.00,New_Mexico,330325.00,52.00,286587.00,45.00,66.96,1843.00,1138.00,705.00,61.75,38.25
43,2024-11-05 22:10:10.850838,617029.00,New_Mexico,330352.00,52.00,286677.00,45.00,66.97,117.00,90.00,27.00,76.92,23.08
44,2024-11-05 22:15:28.935421,627141.00,New_Mexico,333314.00,52.00,293827.00,45.00,68.08,10112.00,7150.00,2962.00,70.71,29.29
45,2024-11-05 22:15:46.834794,627432.00,New_Mexico,333352.00,52.00,294080.00,45.00,68.11,291.00,253.00,38.00,86.94,13.06
46,2024-11-05 22:19:19.607392,629738.00,New_Mexico,333890.00,51.00,295848.00,46.00,68.36,2306.00,1768.00,538.00,76.67,23.33
47,2024-11-05 22:19:43.623466,634661.00,New_Mexico,337263.00,52.00,297398.00,45.00,68.91,4923.00,1550.00,3373.00,31.48,68.52
48,2024-11-05 22:20:17.335419,637855.00,New_Mexico,339040.00,52.00,298815.00,45.00,69.26,3194.00,1417.00,1777.00,44.36,55.64
49,2024-11-05 22:21:40.594586,640859.00,New_Mexico,340091.00,52.00,300768.00,45.00,69.59,3004.00,1953.00,1051.00,65.01,34.99
50,2024-11-05 22:24:09.858309,642291.00,New_Mexico,340748.00,51.00,301543.00,46.00,69.74,1432.00,775.00,657.00,54.12,45.88
51,2024-11-05 22:25:26.806185,645660.00,New_Mexico,342905.00,52.00,302755.00,45.00,70.11,3369.00,1212.00,2157.00,35.98,64.02
52,2024-11-05 22:26:11.297487,646385.00,New_Mexico,343275.00,52.00,303110.00,45.00,70.20,725.00,355.00,370.00,48.97,51.03
53,2024-11-05 22:28:52.623269,648825.00,New_Mexico,344707.00,52.00,304118.00,45.00,70.44,2440.00,1008.00,1432.00,41.31,58.69
54,2024-11-05 22:30:12.682568,670382.00,New_Mexico,353102.00,51.00,317280.00,46.00,72.79,21557.00,13162.00,8395.00,61.06,38.94
55,2024-11-05 22:32:58.783838,671316.00,New_Mexico,353592.00,51.00,317724.00,46.00,72.91,934.00,444.00,490.00,47.54,52.46
56,2024-11-05 22:34:18.671385,671611.00,New_Mexico,353724.00,51.00,317887.00,46.00,72.94,295.00,163.00,132.00,55.25,44.75
57,2024-11-05 22:34:48.643995,677355.00,New_Mexico,356499.00,51.00,320856.00,46.00,73.57,5744.00,2969.00,2775.00,51.69,48.31
58,2024-11-05 22:35:11.736895,686361.00,New_Mexico,363051.00,51.00,323310.00,46.00,74.56,9006.00,2454.00,6552.00,27.25,72.75
59,2024-11-05 22:38:34.509685,686364.00,New_Mexico,363054.00,51.00,323310.00,46.00,74.56,3.00,0.00,3.00,0.00,100.00
60,2024-11-05 22:39:26.340161,701688.00,New_Mexico,372057.00,51.00,329631.00,46.00,76.23,15324.00,6321.00,9003.00,41.25,58.75
61,2024-11-05 22:43:49.516899,702393.00,New_Mexico,372449.00,51.00,329944.00,46.00,76.31,705.00,313.00,392.00,44.40,55.60
62,2024-11-05 22:44:15.382861,703138.00,New_Mexico,372957.00,51.00,330181.00,46.00,76.39,745.00,237.00,508.00,31.81,68.19
63,2024-11-05 22:45:22.450120,710568.00,New_Mexico,375123.00,51.00,335445.00,46.00,77.20,7430.00,5264.00,2166.00,70.85,29.15
64,2024-11-05 22:49:06.220437,711051.00,New_Mexico,375391.00,51.00,335660.00,46.00,77.26,483.00,215.00,268.00,44.51,55.49
65,2024-11-05 22:50:14.116926,711432.00,New_Mexico,375557.00,51.00,335875.00,46.00,77.30,381.00,215.00,166.00,56.43,43.57
66,2024-11-05 22:53:20.664525,712722.00,New_Mexico,375916.00,51.00,336806.00,46.00,77.44,1290.00,931.00,359.00,72.17,27.83
67,2024-11-05 22:54:54.381666,723368.00,New_Mexico,382349.00,51.00,341019.00,46.00,78.63,10646.00,4213.00,6433.00,39.57,60.43
68,2024-11-05 22:57:31.927505,727736.00,New_Mexico,384459.00,51.00,343277.00,46.00,79.11,4368.00,2258.00,2110.00,51.69,48.31
69,2024-11-05 22:57:57.225082,730043.00,New_Mexico,385021.00,51.00,345022.00,46.00,79.36,2307.00,1745.00,562.00,75.64,24.36
70,2024-11-05 22:58:24.467419,731121.00,New_Mexico,385534.00,51.00,345587.00,46.00,79.48,1078.00,565.00,513.00,52.41,47.59
71,2024-11-05 22:59:20.557403,736083.00,New_Mexico,388876.00,51.00,347207.00,46.00,80.02,4962.00,1620.00,3342.00,32.65,67.35
72,2024-11-05 23:03:47.754269,743530.00,New_Mexico,393547.00,51.00,349983.00,46.00,80.84,7447.00,2776.00,4671.00,37.28,62.72
73,2024-11-05 23:04:08.707948,746103.00,New_Mexico,395040.00,51.00,351063.00,46.00,81.23,2573.00,1080.00,1493.00,41.97,58.03
74,2024-11-05 23:08:35.496655,747435.00,New_Mexico,396119.00,51.00,351316.00,46.00,81.38,1332.00,253.00,1079.00,18.99,81.01
75,2024-11-05 23:11:27.827937,754681.00,New_Mexico,398382.00,51.00,356299.00,46.00,82.16,7246.00,4983.00,2263.00,68.77,31.23
76,2024-11-05 23:14:01.129696,755516.00,New_Mexico,398623.00,51.00,356893.00,46.00,82.25,835.00,594.00,241.00,71.14,28.86
77,2024-11-05 23:14:56.216950,761008.00,New_Mexico,399785.00,51.00,361223.00,46.00,82.85,5492.00,4330.00,1162.00,78.84,21.16
78,2024-11-05 23:15:20.044902,766778.00,New_Mexico,402971.00,51.00,363807.00,46.00,83.50,5770.00,2584.00,3186.00,44.78,55.22
79,2024-11-05 23:18:40.818670,773251.00,New_Mexico,404774.00,51.00,368477.00,46.00,84.20,6473.00,4670.00,1803.00,72.15,27.85
80,2024-11-05 23:22:58.295543,777151.00,New_Mexico,406682.00,51.00,370469.00,46.00,84.63,3900.00,1992.00,1908.00,51.08,48.92
81,2024-11-05 23:23:58.318202,784769.00,New_Mexico,410861.00,51.00,373908.00,46.00,85.50,7618.00,3439.00,4179.00,45.14,54.86
82,2024-11-05 23:28:13.236049,786243.00,New_Mexico,411147.00,51.00,375096.00,46.00,85.66,1474.00,1188.00,286.00,80.60,19.40
83,2024-11-05 23:29:33.283458,787458.00,New_Mexico,412081.00,51.00,375377.00,46.00,85.79,1215.00,281.00,934.00,23.13,76.87
84,2024-11-05 23:34:42.898984,798188.00,New_Mexico,417770.00,51.00,380418.00,46.00,87.04,10730.00,5041.00,5689.00,46.98,53.02
85,2024-11-05 23:49:29.827531,819258.00,New_Mexico,430557.00,51.00,388701.00,46.00,89.45,21070.00,8283.00,12787.00,39.31,60.69
86,2024-11-05 23:59:22.226410,831893.00,New_Mexico,437033.00,51.00,394860.00,46.00,90.86,12635.00,6159.00,6476.00,48.75,51.25
87,2024-11-05 23:59:44.703719,837482.00,New_Mexico,439298.00,51.00,398184.00,46.00,91.48,5589.00,3324.00,2265.00,59.47,40.53
88,2024-11-06 00:02:52.393586,839369.00,New_Mexico,440833.00,51.00,398536.00,46.00,91.60,1887.00,352.00,1535.00,18.65,81.35
89,2024-11-06 00:10:08.004854,841555.00,New_Mexico,442420.00,51.00,399135.00,46.00,91.85,2186.00,599.00,1587.00,27.40,72.60
90,2024-11-06 00:12:50.683538,847314.00,New_Mexico,445788.00,51.00,401526.00,46.00,92.52,5759.00,2391.00,3368.00,41.52,58.48
91,2024-11-06 00:19:03.514948,848518.00,New_Mexico,446705.00,51.00,401813.00,46.00,92.65,1204.00,287.00,917.00,23.84,76.16
92,2024-11-06 00:25:12.171286,858138.00,New_Mexico,451848.00,51.00,406290.00,46.00,93.72,9620.00,4477.00,5143.00,46.54,53.46
93,2024-11-06 00:27:54.372044,863001.00,New_Mexico,453706.00,51.00,409295.00,46.00,94.25,4863.00,3005.00,1858.00,61.79,38.21
94,2024-11-06 00:34:08.902087,865840.00,New_Mexico,455803.00,51.00,410037.00,46.00,94.57,2839.00,742.00,2097.00,26.14,73.86
95,2024-11-06 00:42:17.939714,872399.00,New_Mexico,459262.00,51.00,413137.00,46.00,95.87,6559.00,3100.00,3459.00,47.26,52.74
96,2024-11-06 00:42:40.744864,872587.00,New_Mexico,459415.00,51.00,413172.00,46.00,95.89,188.00,35.00,153.00,18.62,81.38
97,2024-11-06 00:43:09.237854,875747.00,New_Mexico,461634.00,51.00,414113.00,46.00,96.24,3160.00,941.00,2219.00,29.78,70.22
98,2024-11-06 00:59:00.077061,876402.00,New_Mexico,461969.00,51.00,414433.00,46.00,96.31,655.00,320.00,335.00,48.85,51.15
99,2024-11-06 01:00:49.689374,879974.00,New_Mexico,463812.00,51.00,416162.00,46.00,96.71,3572.00,1729.00,1843.00,48.40,51.60
100,2024-11-06 01:18:08.005932,881992.00,New_Mexico,465047.00,51.00,416945.00,46.00,96.93,2018.00,783.00,1235.00,38.80,61.20
101,2024-11-06 01:45:10.580837,886980.00,New_Mexico,468195.00,51.00,418785.00,46.00,98.02,4988.00,1840.00,3148.00,36.89,63.11
102,2024-11-06 02:44:05.797164,889223.00,New_Mexico,469975.00,51.00,419248.00,46.00,98.25,2243.00,463.00,1780.00,20.64,79.36
103,2024-11-06 17:33:13.771090,889451.00,New_Mexico,470107.00,51.00,419344.00,46.00,98.27,228.00,96.00,132.00,42.11,57.89
104,2024-11-06 17:34:21.140047,890996.00,New_Mexico,471294.00,51.00,419702.00,46.00,98.45,1545.00,358.00,1187.00,23.17,76.83
105,2024-11-07 10:57:28.305504,891083.00,New_Mexico,471339.00,51.00,419744.00,46.00,98.46,87.00,42.00,45.00,48.28,51.72
106,2024-11-07 11:15:09.908921,891099.00,New_Mexico,471348.00,51.00,419751.00,46.00,98.46,16.00,7.00,9.00,43.75,56.25
107,2024-11-07 11:15:31.671961,893935.00,New_Mexico,473362.00,51.00,420573.00,45.00,98.78,2836.00,822.00,2014.00,28.98,71.02
108,2024-11-07 20:39:20.017620,894353.00,New_Mexico,473615.00,51.00,420738.00,45.00,98.05,418.00,165.00,253.00,39.47,60.53
109,2024-11-07 20:39:45.446430,894494.00,New_Mexico,473708.00,51.00,420786.00,45.00,98.06,141.00,48.00,93.00,34.04,65.96
110,2024-11-08 09:20:41.705233,895180.00,New_Mexico,474195.00,51.00,420985.00,45.00,98.14,686.00,199.00,487.00,29.01,70.99
111,2024-11-08 09:29:30.881693,895338.00,New_Mexico,474321.00,51.00,421017.00,45.00,98.16,158.00,32.00,126.00,20.25,79.75
112,2024-11-08 09:51:13.440330,895437.00,New_Mexico,474377.00,51.00,421060.00,45.00,98.17,99.00,43.00,56.00,43.43,56.57
113,2024-11-08 13:53:24.722409,895457.00,New_Mexico,474392.00,51.00,421065.00,45.00,98.17,20.00,5.00,15.00,25.00,75.00
114,2024-11-08 18:11:21.096355,895614.00,New_Mexico,474484.00,51.00,421130.00,45.00,99.00,157.00,65.00,92.00,41.40,58.60
115,2024-11-08 18:12:03.963986,896973.00,New_Mexico,475144.00,51.00,421829.00,45.00,99.00,1359.00,699.00,660.00,51.43,48.57
116,2024-11-08 18:13:11.718915,897042.00,New_Mexico,475181.00,51.00,421861.00,45.00,99.00,69.00,32.00,37.00,46.38,53.62
117,2024-11-08 18:55:12.149629,897043.00,New_Mexico,475181.00,51.00,421862.00,45.00,99.00,1.00,1.00,0.00,100.00,0.00
118,2024-11-08 18:56:25.774133,897044.00,New_Mexico,475181.00,51.00,421863.00,45.00,99.00,1.00,1.00,0.00,100.00,0.00
119,2024-11-08 18:57:41.822002,898272.00,New_Mexico,476088.00,51.00,422184.00,45.00,99.00,1228.00,321.00,907.00,26.14,73.86
