,Datetime_Extraction,Total_Votes,KH_Vote_Count,KH_Vote_Pct,DT_Vote_Count,DT_Vote_Pct,Pct_Reported,Additional_Votes_Since_Last_Update
0,2024-11-05 13:57:33.481434,0,0,0.0,0,0.0,0.0,0.0
1,2024-11-05 19:57:00.771895,25311,7493,29.0,17818,69.0,1.07,25311.0
2,2024-11-05 19:57:55.718627,28787,8252,28.0,20535,70.0,1.22,3476.0
3,2024-11-05 19:58:57.741101,30691,8381,27.0,22310,72.0,1.3,1904.0
4,2024-11-05 20:00:13.458416,32862,8741,26.0,24121,72.0,1.39,2171.0
5,2024-11-05 20:00:31.377312,35819,9841,27.0,25978,71.0,1.51,2957.0
6,2024-11-05 20:00:48.151409,36528,10022,27.0,26506,72.0,1.54,709.0
7,2024-11-05 20:01:33.714227,38000,10520,27.0,27480,71.0,1.6,1472.0
8,2024-11-05 20:01:51.865766,38709,10701,27.0,28008,71.0,1.63,709.0
9,2024-11-05 20:02:12.256627,44373,13188,29.0,31185,69.0,1.88,5664.0
10,2024-11-05 20:02:36.671308,45796,13309,28.0,32487,70.0,1.94,1423.0
11,2024-11-05 20:02:55.093331,46313,13404,28.0,32909,70.0,1.96,517.0
12,2024-11-05 20:04:54.560828,51529,13832,26.0,37697,72.0,2.18,5216.0
13,2024-11-05 20:05:54.934815,73058,21068,28.0,51990,70.0,3.09,21529.0
14,2024-11-05 20:06:40.177901,74540,21631,28.0,52909,70.0,3.15,1482.0
15,2024-11-05 20:07:23.230544,100475,32071,31.0,68404,67.0,4.24,25935.0
16,2024-11-05 20:08:15.504642,101994,32356,31.0,69638,67.0,4.31,1519.0
17,2024-11-05 20:09:29.078908,106842,33892,31.0,72950,67.0,4.51,4848.0
18,2024-11-05 20:09:49.435036,108382,33983,31.0,74399,68.0,4.58,1540.0
19,2024-11-05 20:10:17.549929,108921,34008,30.0,74913,68.0,4.6,539.0
20,2024-11-05 20:11:14.295967,109741,34375,31.0,75366,68.0,4.64,820.0
21,2024-11-05 20:11:38.999415,115211,35069,30.0,80142,69.0,4.87,5470.0
22,2024-11-05 20:13:35.039448,120560,37162,30.0,83398,68.0,5.09,5349.0
23,2024-11-05 20:14:03.789644,122065,37373,30.0,84692,68.0,5.16,1505.0
24,2024-11-05 20:19:11.059684,162412,52572,32.0,109840,67.0,6.86,40347.0
25,2024-11-05 20:19:34.651066,167369,53073,31.0,114296,67.0,7.07,4957.0
26,2024-11-05 20:21:19.747753,171791,53699,30.0,118092,66.0,7.48,4422.0
27,2024-11-05 20:22:14.729827,176472,54380,29.0,122092,66.0,7.68,4681.0
28,2024-11-05 20:23:31.644995,178541,55448,29.0,123093,66.0,7.76,2069.0
29,2024-11-05 20:23:50.285409,183546,56050,29.0,127496,66.0,7.97,5005.0
30,2024-11-05 20:24:33.216660,192077,57211,28.0,134866,67.0,8.33,8531.0
31,2024-11-05 20:25:21.265248,208027,64698,30.0,143329,66.0,9.01,15950.0
32,2024-11-05 20:25:41.855722,210090,65282,30.0,144808,66.0,9.1,2063.0
33,2024-11-05 20:26:56.421318,213823,66007,29.0,147816,66.0,9.25,3733.0
34,2024-11-05 20:27:14.191098,217329,66286,29.0,151043,67.0,9.4,3506.0
35,2024-11-05 20:27:40.156684,226970,70065,29.0,156905,67.0,9.81,9641.0
36,2024-11-05 20:29:08.384758,237976,71454,29.0,166522,67.0,10.27,11006.0
37,2024-11-05 20:30:03.396451,254768,78422,29.0,176346,67.0,10.99,16792.0
38,2024-11-05 20:31:06.507418,268952,80010,28.0,188942,68.0,11.58,14184.0
39,2024-11-05 20:32:44.746666,295637,97474,32.0,198163,65.0,12.72,26685.0
40,2024-11-05 20:33:30.863932,298787,99173,32.0,199614,65.0,12.85,3150.0
41,2024-11-05 20:33:50.117705,303710,100715,32.0,202995,65.0,13.06,4923.0
42,2024-11-05 20:34:30.156947,304513,100767,32.0,203746,65.0,13.09,803.0
43,2024-11-05 20:59:43.218810,664793,200085,29.0,464708,68.0,28.41,360280.0
44,2024-11-05 21:00:32.582562,694460,210287,29.0,484173,68.0,29.68,29667.0
45,2024-11-05 21:01:43.745848,699344,213495,30.0,485849,68.0,29.88,4884.0
46,2024-11-05 21:02:11.108795,702004,213756,29.0,488248,68.0,30.0,2660.0
47,2024-11-05 21:02:58.784120,706670,214939,29.0,491731,68.0,30.19,4666.0
48,2024-11-05 21:03:48.380669,710752,217922,30.0,492830,68.0,30.37,4082.0
49,2024-11-05 21:06:11.056963,719500,220048,30.0,499452,68.0,30.74,8748.0
50,2024-11-05 21:06:34.530663,728652,225194,30.0,503458,67.0,31.13,9152.0
51,2024-11-05 21:06:59.849565,737492,228579,30.0,508913,67.0,31.5,8840.0
52,2024-11-05 21:08:25.596034,755100,231111,30.0,523989,68.0,32.24,17608.0
53,2024-11-05 21:09:12.725190,800513,239598,29.0,560915,68.0,34.17,45413.0
54,2024-11-05 21:09:34.257640,810124,244219,29.0,565905,68.0,34.58,9611.0
55,2024-11-05 21:10:03.784721,819507,248027,29.0,571480,68.0,34.97,9383.0
56,2024-11-05 21:10:26.538995,843020,254618,29.0,588402,68.0,35.97,23513.0
57,2024-11-05 21:10:46.884939,848455,255392,29.0,593063,68.0,36.13,5435.0
58,2024-11-05 21:11:30.706673,855191,256851,29.0,598340,68.0,36.42,6736.0
59,2024-11-05 21:13:00.053799,880364,278075,31.0,602289,67.0,37.56,25173.0
60,2024-11-05 21:13:24.514897,894673,283563,31.0,611110,67.0,38.18,14309.0
61,2024-11-05 21:14:00.930329,901843,284968,31.0,616875,67.0,38.48,7170.0
62,2024-11-05 21:14:23.104368,903215,285501,31.0,617714,67.0,38.54,1372.0
63,2024-11-05 21:15:48.639148,911880,287533,31.0,624347,67.0,38.9,8665.0
64,2024-11-05 21:16:15.870597,918618,288388,30.0,630230,67.0,39.19,6738.0
65,2024-11-05 21:17:24.519679,922286,289027,30.0,633259,67.0,39.34,3668.0
66,2024-11-05 21:23:01.910582,1009532,310669,30.0,698863,68.0,43.19,87246.0
67,2024-11-05 21:27:01.719829,1019757,312658,30.0,707099,68.0,43.62,10225.0
68,2024-11-05 21:31:34.395809,1054851,329187,30.0,725664,67.0,45.14,35094.0
69,2024-11-05 21:34:16.872461,1119124,355553,31.0,763571,67.0,47.89,64273.0
70,2024-11-05 21:36:16.616115,1160969,364742,31.0,796227,67.0,49.7,41845.0
71,2024-11-05 21:36:40.256663,1212614,376788,30.0,835826,68.0,51.91,51645.0
72,2024-11-05 21:37:33.612565,1216276,377126,30.0,839150,68.0,52.06,3662.0
73,2024-11-05 21:38:02.941443,1225974,381246,30.0,844728,68.0,52.47,9698.0
74,2024-11-05 21:38:27.627035,1228522,382017,30.0,846505,68.0,52.58,2548.0
75,2024-11-05 21:39:06.902225,1236508,383531,30.0,852977,68.0,52.92,7986.0
76,2024-11-05 21:39:55.789799,1240154,386348,30.0,853806,67.0,53.08,3646.0
77,2024-11-05 21:41:19.293653,1242384,387087,30.0,855297,67.0,53.17,2230.0
78,2024-11-05 21:41:57.430256,1242954,387178,30.0,855776,67.0,53.2,570.0
79,2024-11-05 21:43:18.262165,1269660,395453,30.0,874207,67.0,54.35,26706.0
80,2024-11-05 21:44:11.732314,1288182,398605,30.0,889577,68.0,55.16,18522.0
81,2024-11-05 21:44:29.323506,1312620,409971,30.0,902649,67.0,56.2,24438.0
82,2024-11-05 21:46:56.159465,1315942,410487,30.0,905455,67.0,56.36,3322.0
83,2024-11-05 21:49:13.567151,1316095,410585,30.0,905510,67.0,56.09,153.0
84,2024-11-05 21:50:26.538328,1331296,414309,30.0,916987,68.0,56.73,15201.0
85,2024-11-05 21:51:15.493191,1338250,417136,30.0,921114,67.0,57.03,6954.0
86,2024-11-05 21:52:04.138333,1358279,420742,30.0,937537,68.0,57.87,20029.0
87,2024-11-05 21:52:25.443590,1394535,430638,30.0,963897,68.0,59.42,36256.0
88,2024-11-05 21:53:14.628578,1397802,431869,30.0,965933,68.0,59.56,3267.0
89,2024-11-05 21:53:32.552518,1405329,436110,30.0,969219,68.0,59.88,7527.0
90,2024-11-05 21:54:00.713780,1406602,436210,30.0,970392,68.0,59.93,1273.0
91,2024-11-05 21:54:24.443597,1406960,436451,30.0,970509,68.0,59.95,358.0
92,2024-11-05 21:54:50.150632,1418574,441707,30.0,976867,68.0,60.48,11614.0
93,2024-11-05 21:56:30.782573,1420644,442317,30.0,978327,68.0,60.34,2070.0
94,2024-11-05 21:56:58.710028,1422551,442600,30.0,979951,68.0,60.33,1907.0
95,2024-11-05 21:59:38.808424,1429929,445792,30.0,984137,67.0,60.74,7378.0
96,2024-11-05 22:04:22.169100,1444969,453373,30.0,991596,67.0,61.48,15040.0
97,2024-11-05 22:05:11.844124,1450233,457095,31.0,993138,67.0,61.7,5264.0
98,2024-11-05 22:05:42.401504,1452018,457264,31.0,994754,67.0,61.55,1785.0
99,2024-11-05 22:06:34.140480,1466169,460070,30.0,1006099,67.0,62.37,14151.0
100,2024-11-05 22:07:18.356804,1540422,491811,31.0,1048611,67.0,65.3,74253.0
101,2024-11-05 22:11:12.752131,1541247,491874,31.0,1049373,67.0,65.57,825.0
102,2024-11-05 22:13:38.494100,1548471,495735,31.0,1052736,67.0,65.95,7224.0
103,2024-11-05 22:15:02.897578,1549956,496973,31.0,1052983,67.0,66.01,1485.0
104,2024-11-05 22:17:22.964149,1552939,497574,31.0,1055365,67.0,66.15,2983.0
105,2024-11-05 22:20:17.335419,1577469,505342,31.0,1072127,67.0,67.19,24530.0
106,2024-11-05 22:20:39.678908,1577913,505397,31.0,1072516,67.0,67.21,444.0
107,2024-11-05 22:24:32.721441,1592221,508771,31.0,1083450,67.0,67.82,14308.0
108,2024-11-05 22:25:03.755875,1646622,523630,31.0,1122992,67.0,70.14,54401.0
109,2024-11-05 22:26:58.077531,1668008,528031,31.0,1139977,67.0,70.88,21386.0
110,2024-11-05 22:28:52.623269,1732033,545667,31.0,1186366,67.0,73.99,64025.0
111,2024-11-05 22:29:19.021185,1832870,584764,31.0,1248106,67.0,78.32,100837.0
112,2024-11-05 22:34:18.671385,1890923,616206,32.0,1274717,66.0,80.8,58053.0
113,2024-11-05 22:37:22.460722,1949901,633660,32.0,1316241,66.0,83.35,58978.0
114,2024-11-05 22:37:48.776605,1955604,634474,32.0,1321130,66.0,83.6,5703.0
115,2024-11-05 22:38:34.509685,1968477,638996,32.0,1329481,66.0,84.05,12873.0
116,2024-11-05 22:39:26.340161,1971540,641119,32.0,1330421,66.0,84.18,3063.0
117,2024-11-05 22:39:52.339557,2059678,698853,33.0,1360825,65.0,87.95,88138.0
118,2024-11-05 22:43:26.166355,2060971,698972,33.0,1361999,65.0,88.81,1293.0
119,2024-11-05 22:58:24.467419,2066266,700212,33.0,1366054,65.0,90.58,5295.0
120,2024-11-05 22:59:40.781504,2102343,712271,33.0,1390072,65.0,92.16,36077.0
121,2024-11-05 23:02:13.473130,2106010,714077,33.0,1391933,65.0,92.33,3667.0
122,2024-11-05 23:03:02.340668,2106442,714362,33.0,1392080,65.0,92.27,432.0
123,2024-11-05 23:05:05.449225,2110789,715367,33.0,1395422,65.0,92.5,4347.0
124,2024-11-05 23:09:06.006684,2112788,715547,33.0,1397241,65.0,92.59,1999.0
125,2024-11-05 23:13:35.427274,2172906,749578,34.0,1423328,64.0,95.56,60118.0
126,2024-11-05 23:27:18.216611,2176717,750102,34.0,1426615,64.0,95.73,3811.0
127,2024-11-05 23:38:07.957548,2187734,752021,34.0,1435713,65.0,96.09,11017.0
128,2024-11-05 23:45:05.362773,2187968,752186,34.0,1435782,65.0,96.14,234.0
129,2024-11-05 23:47:10.444824,2190847,752932,34.0,1437915,65.0,96.27,2879.0
130,2024-11-06 00:02:27.500892,2191594,753396,34.0,1438198,65.0,96.37,747.0
131,2024-11-06 00:23:25.355646,2194940,753856,34.0,1441084,65.0,96.55,3346.0
132,2024-11-06 01:34:30.587594,2210499,764427,34.0,1446072,64.0,97.25,15559.0
133,2024-11-06 02:14:39.466739,2213155,765028,34.0,1448127,64.0,98.4,2656.0
134,2024-11-06 02:19:13.427190,2218808,766860,34.0,1451948,64.0,98.65,5653.0
135,2024-11-06 08:29:30.493432,2221329,767159,34.0,1454170,64.0,98.71,2521.0
136,2024-11-06 10:20:10.581078,2225959,768974,34.0,1456985,64.0,98.91,4630.0
137,2024-11-07 15:26:44.735781,2227095,769391,34.0,1457704,64.0,99.0,1136.0
