,Datetime_Extraction,Total_Votes,KH_Vote_Count,KH_Vote_Pct,DT_Vote_Count,DT_Vote_Pct,Pct_Reported,Additional_Votes_Since_Last_Update
0,2024-11-05 13:57:33.481434,0,0,0.0,0,0.0,0.0,0.0
1,2024-11-05 21:01:43.745848,6874,3335,26.0,3539,28.0,2.04,6874.0
2,2024-11-05 21:31:34.395809,20580,8089,38.0,12491,58.0,3.43,13706.0
3,2024-11-05 21:37:33.612565,21403,8464,38.0,12939,58.0,3.57,823.0
4,2024-11-05 21:41:37.288234,21414,8465,38.0,12949,58.0,3.57,11.0
5,2024-11-05 21:42:41.128352,26636,9755,35.0,16881,61.0,4.44,5222.0
6,2024-11-05 21:47:16.099907,27136,9954,35.0,17182,61.0,4.52,500.0
7,2024-11-05 21:51:39.342723,31118,11501,35.0,19617,61.0,5.18,3982.0
8,2024-11-05 21:57:58.693327,32970,12307,36.0,20663,60.0,5.52,1852.0
9,2024-11-05 22:01:36.468061,34046,12669,36.0,21377,61.0,5.7,1076.0
10,2024-11-05 22:05:42.401504,34178,12688,36.0,21490,61.0,5.73,132.0
11,2024-11-05 22:07:39.200860,34594,12756,35.0,21838,61.0,5.8,416.0
12,2024-11-05 22:11:36.048701,35093,12935,35.0,22158,61.0,5.88,499.0
13,2024-11-05 22:17:39.277888,35306,13019,35.0,22287,61.0,5.92,213.0
14,2024-11-05 22:20:39.678908,35730,13076,35.0,22654,61.0,5.99,424.0
15,2024-11-05 22:21:40.594586,38465,13808,34.0,24657,62.0,6.45,2735.0
16,2024-11-05 22:27:53.842631,40812,14283,33.0,26529,63.0,6.85,2347.0
17,2024-11-05 22:31:34.399425,41565,14365,33.0,27200,63.0,6.97,753.0
18,2024-11-05 22:37:48.776605,44769,15604,33.0,29165,63.0,7.52,3204.0
19,2024-11-05 22:41:28.459450,77484,27608,34.0,49876,62.0,13.01,32715.0
20,2024-11-05 22:47:25.764379,80335,28257,34.0,52078,62.0,13.49,2851.0
21,2024-11-05 22:51:52.475819,80983,28385,34.0,52598,63.0,13.59,648.0
22,2024-11-05 22:55:17.750723,81950,28596,33.0,53354,63.0,13.76,967.0
23,2024-11-05 22:57:31.927505,83188,29008,33.0,54180,63.0,13.97,1238.0
24,2024-11-05 23:01:45.839884,84570,29419,33.0,55151,63.0,14.2,1382.0
25,2024-11-05 23:07:45.074610,85621,29602,33.0,56019,63.0,14.38,1051.0
26,2024-11-05 23:11:27.827937,86881,29826,33.0,57055,63.0,14.61,1260.0
27,2024-11-05 23:17:39.237139,87635,30010,33.0,57625,63.0,14.73,754.0
28,2024-11-05 23:21:16.115180,92609,31094,32.0,61515,64.0,15.57,4974.0
29,2024-11-05 23:23:25.582547,93561,31296,32.0,62265,64.0,15.73,952.0
30,2024-11-05 23:27:44.924700,95131,32028,32.0,63103,64.0,16.0,1570.0
31,2024-11-05 23:31:54.003902,96263,32433,32.0,63830,64.0,16.19,1132.0
32,2024-11-05 23:34:42.898984,96914,32585,32.0,64329,64.0,16.3,651.0
33,2024-11-05 23:37:38.808022,98468,32919,32.0,65549,64.0,16.57,1554.0
34,2024-11-05 23:42:02.904091,100193,33231,32.0,66962,64.0,16.86,1725.0
35,2024-11-05 23:47:36.285401,103160,34007,32.0,69153,65.0,17.36,2967.0
36,2024-11-05 23:48:01.377692,104224,34228,31.0,69996,65.0,17.54,1064.0
37,2024-11-05 23:51:09.858580,106918,34799,31.0,72119,65.0,17.99,2694.0
38,2024-11-05 23:58:04.969976,118850,41578,33.0,77272,63.0,20.01,11932.0
39,2024-11-06 00:01:31.850108,120607,41960,33.0,78647,63.0,20.31,1757.0
40,2024-11-06 00:05:11.963898,121422,42036,33.0,79386,63.0,20.45,815.0
41,2024-11-06 00:07:38.748560,168177,71928,41.0,96249,55.0,28.33,46755.0
42,2024-11-06 00:11:41.988817,168656,72044,41.0,96612,55.0,28.39,479.0
43,2024-11-06 00:21:33.953274,170790,72542,41.0,98248,55.0,29.01,2134.0
44,2024-11-06 00:27:27.410122,173097,72990,40.0,100107,56.0,29.45,2307.0
45,2024-11-06 00:31:29.047672,174010,73229,40.0,100781,56.0,29.58,913.0
46,2024-11-06 00:37:28.282175,178406,74603,40.0,103803,56.0,30.33,4396.0
47,2024-11-06 00:41:28.324386,179071,74748,40.0,104323,56.0,30.45,665.0
48,2024-11-06 00:44:12.962901,179173,74758,40.0,104415,56.0,30.46,102.0
49,2024-11-06 00:47:39.723863,180774,75141,40.0,105633,56.0,30.73,1601.0
50,2024-11-06 00:51:18.710579,184467,76231,40.0,108236,56.0,31.36,3693.0
51,2024-11-06 00:53:55.068100,184694,76262,40.0,108432,56.0,31.33,227.0
52,2024-11-06 00:54:12.124426,185934,76425,39.0,109509,57.0,31.54,1240.0
53,2024-11-06 00:57:19.741356,187098,76858,39.0,110240,57.0,31.73,1164.0
54,2024-11-06 01:06:59.905813,187326,76875,39.0,110451,57.0,31.85,228.0
55,2024-11-06 01:13:51.708495,187419,77260,39.0,110159,57.0,31.87,93.0
56,2024-11-06 01:07:22.915558,188033,77126,39.0,110907,57.0,31.97,614.0
57,2024-11-06 01:12:43.083754,190335,77624,39.0,112711,57.0,32.36,2302.0
58,2024-11-06 01:16:27.240791,192265,78275,39.0,113990,57.0,32.68,1930.0
59,2024-11-06 01:17:07.735514,193161,78302,39.0,114859,57.0,32.82,896.0
60,2024-11-06 01:21:17.589919,193896,78527,39.0,115369,57.0,32.96,735.0
61,2024-11-06 01:27:34.118146,194370,78699,39.0,115671,57.0,33.04,474.0
62,2024-11-06 01:31:40.040247,218086,89165,39.0,128921,57.0,37.05,23716.0
63,2024-11-06 01:32:26.292683,218335,89188,39.0,129147,57.0,37.1,249.0
64,2024-11-06 01:37:36.417317,218612,89343,39.0,129269,57.0,37.14,277.0
65,2024-11-06 01:41:13.389358,223306,90343,39.0,132963,57.0,37.95,4694.0
66,2024-11-06 01:45:10.580837,223324,90349,39.0,132975,57.0,37.93,18.0
67,2024-11-06 01:47:27.029891,229013,91754,38.0,137259,58.0,38.9,5689.0
68,2024-11-06 01:57:44.312055,229608,92050,38.0,137558,58.0,39.2,595.0
69,2024-11-06 02:01:23.818804,230322,92436,38.0,137886,58.0,39.32,714.0
70,2024-11-06 02:06:36.977857,265582,109466,39.0,156116,57.0,45.52,35260.0
71,2024-11-06 02:11:52.235331,265583,109467,39.0,156116,57.0,45.52,1.0
72,2024-11-06 02:17:39.837318,272670,112740,40.0,159930,56.0,46.75,7087.0
73,2024-11-06 02:21:40.942370,272918,112802,40.0,160116,56.0,46.79,248.0
74,2024-11-06 02:27:32.388428,273295,112896,40.0,160399,56.0,46.85,377.0
75,2024-11-06 02:31:30.129129,274251,113053,39.0,161198,56.0,47.02,956.0
76,2024-11-06 02:37:49.281076,274444,113135,39.0,161309,56.0,47.0,193.0
77,2024-11-06 02:41:28.250713,275048,113298,39.0,161750,57.0,47.1,604.0
78,2024-11-06 02:44:25.513838,275255,113349,39.0,161906,57.0,47.09,207.0
79,2024-11-06 02:47:12.772790,341398,137968,39.0,203430,57.0,58.38,66143.0
80,2024-11-06 02:51:42.781649,345820,139667,39.0,206153,57.0,59.1,4422.0
81,2024-11-06 02:57:35.948875,347866,140813,39.0,207053,57.0,59.34,2046.0
82,2024-11-06 03:01:40.468714,348313,140911,39.0,207402,57.0,59.38,447.0
83,2024-11-06 03:07:17.815431,359983,144010,38.0,215973,58.0,61.37,11670.0
84,2024-11-06 03:11:35.138211,360308,144050,38.0,216258,58.0,61.46,325.0
85,2024-11-06 03:17:12.426597,360593,144172,38.0,216421,58.0,61.45,285.0
86,2024-11-06 03:21:18.776219,361116,144289,38.0,216827,58.0,61.52,523.0
87,2024-11-06 03:30:41.660821,363760,145127,38.0,218633,58.0,61.94,2644.0
88,2024-11-06 03:31:31.701554,365714,145520,38.0,220194,58.0,62.27,1954.0
89,2024-11-06 03:37:20.285471,365890,145534,38.0,220356,58.0,61.82,176.0
90,2024-11-06 03:41:21.742852,366318,145605,38.0,220713,58.0,61.87,428.0
91,2024-11-06 03:47:35.305120,414337,162337,38.0,252000,58.0,69.88,48019.0
92,2024-11-06 03:57:40.507112,419590,163144,37.0,256446,59.0,70.76,5253.0
93,2024-11-06 04:07:49.246144,423297,164250,37.0,259047,59.0,71.5,3707.0
94,2024-11-06 04:12:10.391711,423560,164388,37.0,259172,59.0,71.54,263.0
95,2024-11-06 04:17:39.639740,423711,164494,37.0,259217,59.0,74.12,151.0
96,2024-11-06 04:21:39.769412,424278,164710,37.0,259568,59.0,74.22,567.0
97,2024-11-06 04:27:17.829987,424912,164908,37.0,260004,59.0,74.33,634.0
98,2024-11-06 04:31:28.255516,425059,164945,37.0,260114,59.0,74.36,147.0
99,2024-11-06 04:37:22.263163,432358,166977,37.0,265381,59.0,75.64,7299.0
100,2024-11-06 04:41:16.515416,436708,168910,37.0,267798,59.0,76.43,4350.0
101,2024-11-06 04:47:34.679053,441793,171592,37.0,270201,59.0,77.33,5085.0
102,2024-11-06 04:51:40.098413,441957,171644,37.0,270313,59.0,77.36,164.0
103,2024-11-06 04:57:32.678132,442659,171798,37.0,270861,59.0,77.48,702.0
104,2024-11-06 05:01:13.336960,443083,171868,37.0,271215,59.0,77.55,424.0
105,2024-11-06 05:07:32.995545,444404,172403,37.0,272001,59.0,77.79,1321.0
106,2024-11-06 05:11:45.195022,444793,172493,37.0,272300,59.0,77.86,389.0
107,2024-11-06 05:17:44.474685,483211,192716,38.0,290495,58.0,84.56,38418.0
108,2024-11-06 05:51:50.954250,484850,193120,38.0,291730,58.0,84.83,1639.0
109,2024-11-06 05:57:22.326030,485423,193352,38.0,292071,58.0,84.94,573.0
110,2024-11-06 06:01:21.483357,493519,195585,38.0,297934,58.0,86.36,8096.0
111,2024-11-06 09:25:31.111527,522413,204909,38.0,317504,58.0,91.44,28894.0
112,2024-11-06 10:17:47.268404,523102,205090,38.0,318012,58.0,90.24,689.0
113,2024-11-06 11:01:35.075824,531534,207819,37.0,323715,59.0,92.95,8432.0
114,2024-11-06 11:07:36.661670,531788,207954,37.0,323834,59.0,92.99,254.0
115,2024-11-06 13:11:52.544502,533214,208248,37.0,324966,59.0,92.72,1426.0
116,2024-11-06 13:51:13.573468,534705,208572,37.0,326133,59.0,93.71,1491.0
117,2024-11-06 14:01:05.791523,536318,209567,37.0,326751,59.0,93.99,1613.0
118,2024-11-06 14:31:30.294692,543457,213570,38.0,329887,58.0,95.13,7139.0
119,2024-11-06 15:07:15.421640,543491,213586,38.0,329905,58.0,95.14,34.0
120,2024-11-06 15:11:16.168882,544981,213997,38.0,330984,58.0,95.4,1490.0
121,2024-11-06 15:37:24.767758,545631,214133,38.0,331498,58.0,95.51,650.0
122,2024-11-06 15:51:27.377317,546660,214359,38.0,332301,58.0,95.69,1029.0
123,2024-11-06 16:37:09.135321,547197,214502,38.0,332695,58.0,95.78,537.0
124,2024-11-06 16:47:20.518565,547787,214769,38.0,333018,58.0,95.89,590.0
125,2024-11-06 17:21:42.703854,548164,214872,37.0,333292,58.0,95.96,377.0
126,2024-11-06 17:31:28.617677,549983,215972,38.0,334011,58.0,96.28,1819.0
127,2024-11-06 18:47:05.821305,550054,215993,38.0,334061,58.0,96.34,71.0
128,2024-11-06 18:47:28.123532,550303,216028,38.0,334275,58.0,96.34,249.0
129,2024-11-06 18:51:33.998509,550545,216050,38.0,334495,58.0,96.38,242.0
130,2024-11-06 18:57:38.208628,550550,216052,38.0,334498,58.0,96.38,5.0
131,2024-11-06 19:01:23.985595,550551,216052,38.0,334499,58.0,96.38,1.0
132,2024-11-06 19:07:46.475185,550853,216079,38.0,334774,58.0,96.43,302.0
133,2024-11-06 19:11:29.219050,550937,216091,38.0,334846,58.0,96.45,84.0
134,2024-11-06 19:17:01.148187,551561,216243,38.0,335318,58.0,96.55,624.0
135,2024-11-06 19:21:30.421623,551573,216245,38.0,335328,58.0,96.56,12.0
136,2024-11-06 19:27:02.895181,551879,216298,37.0,335581,58.0,96.66,306.0
137,2024-11-06 19:27:17.405001,552143,216348,37.0,335795,58.0,96.66,264.0
138,2024-11-06 20:07:31.388238,553084,216876,38.0,336208,58.0,96.82,941.0
139,2024-11-07 09:46:24.384403,569081,225517,38.0,343564,58.0,99.0,15997.0
140,2024-11-07 12:47:02.909237,569095,225519,38.0,343576,58.0,98.63,14.0
