,Datetime_Extraction,Total_Votes,KH_Vote_Count,KH_Vote_Pct,DT_Vote_Count,DT_Vote_Pct,Pct_Reported,Additional_Votes_Since_Last_Update
0,2024-11-05 13:57:33.481434,0,0,0.0,0,0.0,0.0,0.0
1,2024-11-05 19:02:12.192408,94942,66360,68.0,28582,29.0,2.17,94942.0
2,2024-11-05 19:04:22.608155,126155,88264,68.0,37891,29.0,2.88,31213.0
3,2024-11-05 19:09:31.323879,236420,142090,59.0,94330,39.0,5.39,110265.0
4,2024-11-05 19:11:13.600367,253672,153878,59.0,99794,38.0,5.79,17252.0
5,2024-11-05 19:14:11.989626,267612,161205,59.0,106407,39.0,6.1,13940.0
6,2024-11-05 19:16:14.060814,426655,216111,49.0,210544,48.0,9.7,159043.0
7,2024-11-05 19:17:08.557916,465099,233187,49.0,231912,49.0,10.58,38444.0
8,2024-11-05 19:17:32.303209,489640,248446,50.0,241194,48.0,11.13,24541.0
9,2024-11-05 19:18:27.538435,569326,310745,53.0,258581,44.0,12.94,79686.0
10,2024-11-05 19:23:00.958075,751869,395404,51.0,356465,46.0,17.09,182543.0
11,2024-11-05 19:23:29.564684,779735,407538,51.0,372197,47.0,17.72,27866.0
12,2024-11-05 19:25:05.529327,805380,418291,51.0,387089,47.0,18.31,25645.0
13,2024-11-05 19:26:04.946099,923780,508611,54.0,415169,44.0,20.99,118400.0
14,2024-11-05 19:31:33.571017,990117,544714,54.0,445403,44.0,22.51,66337.0
15,2024-11-05 19:32:45.711859,1057948,586516,54.0,471432,43.0,24.06,67831.0
16,2024-11-05 19:33:35.690397,1061058,587513,54.0,473545,44.0,24.13,3110.0
17,2024-11-05 19:33:59.972294,1137584,643170,55.0,494414,42.0,25.87,76526.0
18,2024-11-05 19:36:14.154351,1147753,648754,55.0,498999,42.0,26.11,10169.0
19,2024-11-05 19:36:30.718097,1228638,703269,56.0,525369,42.0,27.95,80885.0
20,2024-11-05 19:37:18.379187,1241685,706918,56.0,534767,42.0,28.25,13047.0
21,2024-11-05 19:38:05.214553,1272259,719270,55.0,552989,42.0,28.95,30574.0
22,2024-11-05 19:40:13.807439,1283519,723468,55.0,560051,43.0,29.2,11260.0
23,2024-11-05 19:40:41.255152,1295148,728674,55.0,566474,43.0,29.47,11629.0
24,2024-11-05 19:42:33.699672,1308468,735497,55.0,572971,43.0,29.77,13320.0
25,2024-11-05 19:47:06.683521,1352758,754501,55.0,598257,43.0,30.78,44290.0
26,2024-11-05 19:48:12.085425,1379846,762564,54.0,617282,44.0,31.4,27088.0
27,2024-11-05 19:51:24.686330,1434951,784601,53.0,650350,44.0,32.66,55105.0
28,2024-11-05 19:52:17.531532,1447088,790194,53.0,656894,44.0,32.94,12137.0
29,2024-11-05 19:56:07.335872,1472381,798455,53.0,673926,45.0,33.52,25293.0
30,2024-11-05 19:56:28.647201,1510188,827239,54.0,682949,44.0,34.38,37807.0
31,2024-11-05 19:57:32.473916,1603409,879982,54.0,723427,44.0,36.51,93221.0
32,2024-11-05 20:00:31.377312,1605184,881391,54.0,723793,44.0,36.55,1775.0
33,2024-11-05 20:01:18.457816,1646571,903347,54.0,743224,44.0,37.51,41387.0
34,2024-11-05 20:02:55.093331,1674110,911806,53.0,762304,44.0,38.14,27539.0
35,2024-11-05 20:03:15.738383,1683435,915509,53.0,767926,44.0,38.35,9325.0
36,2024-11-05 20:04:15.951993,1696527,921755,53.0,774772,45.0,38.65,13092.0
37,2024-11-05 20:05:15.579715,1793176,983896,54.0,809280,44.0,40.84,96649.0
38,2024-11-05 20:06:13.491149,2040682,1136532,54.0,904150,43.0,46.51,247506.0
39,2024-11-05 20:07:04.495033,2091356,1156877,54.0,934479,44.0,47.68,50674.0
40,2024-11-05 20:07:23.230544,2096081,1158589,54.0,937492,44.0,47.78,4725.0
41,2024-11-05 20:08:15.504642,2109476,1167020,54.0,942456,43.0,48.09,13395.0
42,2024-11-05 20:09:08.012170,2113419,1168190,54.0,945229,44.0,48.18,3943.0
43,2024-11-05 20:09:29.078908,2125123,1173846,54.0,951277,44.0,48.45,11704.0
44,2024-11-05 20:11:14.295967,2142058,1183528,54.0,958530,44.0,48.84,16935.0
45,2024-11-05 20:11:38.999415,2149485,1186341,54.0,963144,44.0,49.01,7427.0
46,2024-11-05 20:13:35.039448,2155082,1190265,54.0,964817,44.0,49.13,5597.0
47,2024-11-05 20:15:41.581796,2187521,1200045,54.0,987476,44.0,49.87,32439.0
48,2024-11-05 20:19:11.059684,2228948,1219555,53.0,1009393,44.0,50.83,41427.0
49,2024-11-05 20:21:19.747753,2255074,1234601,53.0,1020473,44.0,51.43,26126.0
50,2024-11-05 20:22:14.729827,2259815,1236196,53.0,1023619,44.0,51.53,4741.0
51,2024-11-05 20:23:50.285409,2289501,1248323,53.0,1041178,44.0,52.22,29686.0
52,2024-11-05 20:24:33.216660,2296755,1252435,53.0,1044320,44.0,52.38,7254.0
53,2024-11-05 20:24:54.791704,2318721,1268032,53.0,1050689,44.0,52.88,21966.0
54,2024-11-05 20:25:21.265248,2331481,1272881,53.0,1058600,44.0,53.18,12760.0
55,2024-11-05 20:26:31.449541,2352986,1278416,53.0,1074570,44.0,53.67,21505.0
56,2024-11-05 20:28:44.578019,2361408,1281450,53.0,1079958,45.0,53.86,8422.0
57,2024-11-05 20:29:28.808859,2472254,1334788,53.0,1137466,45.0,56.43,110846.0
58,2024-11-05 20:30:03.396451,2497313,1349314,53.0,1147999,45.0,57.0,25059.0
59,2024-11-05 20:30:34.857113,2501819,1351649,53.0,1150170,45.0,57.11,4506.0
60,2024-11-05 20:33:30.863932,2507903,1355146,53.0,1152757,45.0,57.25,6084.0
61,2024-11-05 20:34:30.156947,2522821,1362089,53.0,1160732,45.0,57.59,14918.0
62,2024-11-05 20:59:43.218810,2986789,1592522,52.0,1394267,45.0,68.55,463968.0
63,2024-11-05 21:00:58.282810,3002645,1598332,52.0,1404313,45.0,68.91,15856.0
64,2024-11-05 21:02:36.933841,3062924,1628877,52.0,1434047,46.0,70.32,60279.0
65,2024-11-05 21:03:48.380669,3108024,1652422,52.0,1455602,46.0,71.33,45100.0
66,2024-11-05 21:06:34.530663,3138274,1666479,52.0,1471795,46.0,71.97,30250.0
67,2024-11-05 21:07:28.700174,3143090,1668668,52.0,1474422,46.0,72.42,4816.0
68,2024-11-05 21:07:46.408992,3159168,1676441,52.0,1482727,46.0,72.42,16078.0
69,2024-11-05 21:09:12.725190,3161217,1677649,52.0,1483568,46.0,72.47,2049.0
70,2024-11-05 21:10:46.884939,3164619,1678948,52.0,1485671,46.0,72.55,3402.0
71,2024-11-05 21:11:30.706673,3166307,1679656,52.0,1486651,46.0,72.58,1688.0
72,2024-11-05 21:12:38.823807,3177789,1684776,52.0,1493013,46.0,72.85,11482.0
73,2024-11-05 21:16:58.815055,3181481,1686379,52.0,1495102,46.0,72.93,3692.0
74,2024-11-05 21:17:24.519679,3185987,1688962,52.0,1497025,46.0,73.04,4506.0
75,2024-11-05 21:23:01.910582,3235062,1713576,52.0,1521486,46.0,74.16,49075.0
76,2024-11-05 21:24:30.891038,3270636,1736175,52.0,1534461,46.0,74.98,35574.0
77,2024-11-05 21:25:11.293925,3275369,1738675,52.0,1536694,46.0,75.09,4733.0
78,2024-11-05 21:31:34.395809,3340642,1774468,52.0,1566174,46.0,76.53,65273.0
79,2024-11-05 21:34:16.872461,3346816,1778813,52.0,1568003,46.0,76.68,6174.0
80,2024-11-05 21:39:30.570254,3370601,1790186,52.0,1580415,46.0,77.23,23785.0
81,2024-11-05 21:42:41.128352,3376046,1792193,52.0,1583853,46.0,77.35,5445.0
82,2024-11-05 21:43:34.109074,3382800,1796061,52.0,1586739,46.0,77.5,6754.0
83,2024-11-05 21:43:51.539469,3452470,1830444,52.0,1622026,46.0,79.11,69670.0
84,2024-11-05 21:46:16.735550,3494821,1848273,51.0,1646548,46.0,80.1,42351.0
85,2024-11-05 21:49:13.567151,3503591,1851230,51.0,1652361,46.0,80.3,8770.0
86,2024-11-05 21:50:02.158381,3505107,1852313,51.0,1652794,46.0,80.34,1516.0
87,2024-11-05 21:53:14.628578,3508544,1854658,51.0,1653886,46.0,80.42,3437.0
88,2024-11-05 21:56:12.469512,3547149,1870220,51.0,1676929,46.0,81.31,38605.0
89,2024-11-05 21:57:14.186895,3593638,1898292,51.0,1695346,46.0,82.38,46489.0
90,2024-11-05 22:00:31.328198,3602512,1902704,51.0,1699808,46.0,82.58,8874.0
91,2024-11-05 22:01:14.945025,3643365,1921935,51.0,1721430,46.0,83.52,40853.0
92,2024-11-05 22:06:34.140480,3648280,1923991,51.0,1724289,46.0,83.64,4915.0
93,2024-11-05 22:07:18.356804,3662923,1932541,51.0,1730382,46.0,83.98,14643.0
94,2024-11-05 22:08:08.959811,3672180,1937161,51.0,1735019,46.0,84.2,9257.0
95,2024-11-05 22:09:27.428605,3700489,1949662,51.0,1750827,46.0,84.86,28309.0
96,2024-11-05 22:16:29.922229,3706584,1951595,51.0,1754989,46.0,85.84,6095.0
97,2024-11-05 22:20:17.335419,3728587,1958576,51.0,1770011,46.0,86.35,22003.0
98,2024-11-05 22:21:40.594586,3751108,1968341,51.0,1782767,46.0,86.87,22521.0
99,2024-11-05 22:32:04.363742,3759082,1971972,51.0,1787110,46.0,87.06,7974.0
100,2024-11-05 22:37:22.460722,3759682,1972206,51.0,1787476,46.0,87.07,600.0
101,2024-11-05 22:39:26.340161,3760919,1972716,51.0,1788203,46.0,87.1,1237.0
102,2024-11-05 22:50:41.180311,3765476,1975005,51.0,1790471,46.0,87.2,4557.0
103,2024-11-05 22:55:17.750723,3767631,1976726,51.0,1790905,46.0,87.25,2155.0
104,2024-11-05 22:56:08.513337,3783493,1986970,51.0,1796523,46.0,87.62,15862.0
105,2024-11-05 22:57:06.486401,3793800,1991624,51.0,1802176,46.0,87.86,10307.0
106,2024-11-05 23:03:02.340668,3804553,1996013,51.0,1808540,46.0,88.24,10753.0
107,2024-11-05 23:03:47.754269,3806106,1996952,51.0,1809154,46.0,88.28,1553.0
108,2024-11-05 23:15:20.044902,3806300,1997105,51.0,1809195,46.0,88.29,194.0
109,2024-11-05 23:16:16.647649,3818078,2002095,51.0,1815983,46.0,88.56,11778.0
110,2024-11-05 23:20:52.443714,3844140,2017902,51.0,1826238,46.0,89.18,26062.0
111,2024-11-05 23:26:14.106192,3852744,2021662,51.0,1831082,46.0,89.38,8604.0
112,2024-11-05 23:31:54.003902,3860618,2024745,51.0,1835873,46.0,89.56,7874.0
113,2024-11-06 00:04:12.553506,3872430,2030554,51.0,1841876,46.0,90.13,11812.0
114,2024-11-06 00:41:28.324386,3888012,2039378,51.0,1848634,46.0,90.49,15582.0
115,2024-11-06 01:27:05.274550,3909587,2053182,51.0,1856405,46.0,91.32,21575.0
116,2024-11-06 03:22:06.379435,3969216,2083454,51.0,1885762,46.0,92.71,59629.0
117,2024-11-06 14:10:18.921730,3971264,2084180,51.0,1887084,46.0,93.3,2048.0
118,2024-11-06 14:15:04.905998,3973527,2085773,51.0,1887754,46.0,93.35,2263.0
119,2024-11-06 14:47:51.523359,3973815,2085846,51.0,1887969,46.0,93.36,288.0
120,2024-11-06 14:49:09.351973,3982034,2092370,51.0,1889664,46.0,93.55,8219.0
121,2024-11-06 15:09:49.603207,3983504,2093353,51.0,1890151,46.0,93.58,1470.0
122,2024-11-06 16:06:50.657657,3985001,2094278,51.0,1890723,46.0,93.62,1497.0
123,2024-11-06 16:09:18.825118,3988333,2095706,51.0,1892627,46.0,93.7,3332.0
124,2024-11-06 16:11:08.143506,3989593,2096498,51.0,1893095,46.0,93.73,1260.0
125,2024-11-06 16:26:39.109194,3990083,2096873,51.0,1893210,46.0,93.74,490.0
126,2024-11-07 11:44:36.910668,3992326,2098623,51.0,1893703,46.0,93.34,2243.0
127,2024-11-07 12:08:18.353469,3993860,2099844,51.0,1894016,46.0,93.38,1534.0
128,2024-11-07 12:25:16.655535,3994521,2100255,51.0,1894266,46.0,93.4,661.0
129,2024-11-07 15:13:21.689786,3994631,2100315,51.0,1894316,46.0,93.4,110.0
130,2024-11-07 15:33:58.061657,3996730,2102080,51.0,1894650,46.0,93.45,2099.0
131,2024-11-07 15:48:44.519158,3999439,2103853,51.0,1895586,46.0,93.51,2709.0
132,2024-11-07 15:50:51.088427,4002606,2106197,51.0,1896409,46.0,93.59,3167.0
133,2024-11-06 10:42:23.327611,4003184,2090178,51.0,1913006,46.0,94.08,578.0
134,2024-11-06 11:06:25.898139,4003500,2090325,51.0,1913175,46.0,94.09,316.0
135,2024-11-06 13:30:04.878017,4004051,2090671,51.0,1913380,46.0,94.1,551.0
136,2024-11-06 13:31:16.634084,4005133,2090864,51.0,1914269,46.0,94.13,1082.0
137,2024-11-07 15:52:59.478558,4009215,2110513,51.0,1898702,46.0,93.75,4082.0
138,2024-11-07 16:34:37.308051,4012969,2112453,51.0,1900516,46.0,93.83,3754.0
139,2024-11-07 16:37:37.780186,4017623,2115495,51.0,1902128,46.0,93.94,4654.0
140,2024-11-07 16:40:15.956840,4019099,2116460,51.0,1902639,46.0,93.98,1476.0
141,2024-11-08 12:04:48.692048,4020124,2117056,51.0,1903068,46.0,93.91,1025.0
142,2024-11-08 12:17:39.150183,4020198,2117113,51.0,1903085,46.0,93.8,74.0
143,2024-11-08 12:20:56.224489,4021596,2117750,51.0,1903846,46.0,93.83,1398.0
144,2024-11-08 12:23:57.986463,4026782,2121254,51.0,1905528,46.0,93.96,5186.0
145,2024-11-08 14:56:40.904018,4029739,2123265,51.0,1906474,46.0,93.42,2957.0
146,2024-11-08 15:00:21.172633,4036061,2128041,51.0,1908020,46.0,93.57,6322.0
147,2024-11-08 15:02:03.749842,4039483,2130422,51.0,1909061,46.0,93.65,3422.0
148,2024-11-08 15:05:21.282356,4042631,2133126,51.0,1909505,46.0,93.73,3148.0
149,2024-11-08 15:09:40.001234,4042900,2133285,51.0,1909615,46.0,93.73,269.0
150,2024-11-08 15:13:54.019161,4043162,2133455,51.0,1909707,46.0,93.74,262.0
151,2024-11-11 09:05:42.746421,4044372,2134073,51.0,1910299,46.0,93.77,1210.0
