,Datetime_Extraction,Total_Votes,KH_Vote_Count,KH_Vote_Pct,DT_Vote_Count,DT_Vote_Pct,Pct_Reported,Additional_Votes_Since_Last_Update
0,2024-11-05 13:57:33.481434,0,0,0.0,0,0.0,0.0,0.0
1,2024-11-05 20:02:12.256627,1265722,930879,73.0,334843,26.0,14.59,1265722.0
2,2024-11-05 20:03:15.738383,1311326,952653,72.0,358673,27.0,15.12,45604.0
3,2024-11-05 20:04:15.951993,1314658,954601,72.0,360057,27.0,15.16,3332.0
4,2024-11-05 20:06:13.491149,1316600,955358,72.0,361242,27.0,15.18,1942.0
5,2024-11-05 20:07:04.495033,1320495,958432,72.0,362063,27.0,15.22,3895.0
6,2024-11-05 20:08:15.504642,1383943,993035,71.0,390908,28.0,15.96,63448.0
7,2024-11-05 20:09:29.078908,1400385,1004734,71.0,395651,28.0,16.15,16442.0
8,2024-11-05 20:11:38.999415,1436150,1026097,71.0,410053,28.0,16.56,35765.0
9,2024-11-05 20:13:35.039448,1436971,1026298,71.0,410673,28.0,16.57,821.0
10,2024-11-05 20:14:03.789644,1466154,1043790,71.0,422364,28.0,16.9,29183.0
11,2024-11-05 20:15:41.581796,1473521,1048103,71.0,425418,28.0,16.99,7367.0
12,2024-11-05 20:19:11.059684,1694667,1173279,69.0,521388,30.0,19.54,221146.0
13,2024-11-05 20:19:34.651066,1702687,1176610,69.0,526077,30.0,19.63,8020.0
14,2024-11-05 20:21:48.801889,1873581,1288045,68.0,585536,31.0,21.6,170894.0
15,2024-11-05 20:22:14.729827,1898627,1303043,68.0,595584,31.0,21.89,25046.0
16,2024-11-05 20:23:08.752569,1907033,1307972,68.0,599061,31.0,21.99,8406.0
17,2024-11-05 20:23:31.644995,1913554,1311764,68.0,601790,31.0,22.06,6521.0
18,2024-11-05 20:23:50.285409,1926666,1317036,68.0,609630,31.0,22.21,13112.0
19,2024-11-05 20:24:12.910344,2011119,1369980,68.0,641139,31.0,23.19,84453.0
20,2024-11-05 20:25:21.265248,2016625,1372181,68.0,644444,31.0,23.25,5506.0
21,2024-11-05 20:26:03.531494,2023992,1376494,68.0,647498,31.0,23.34,7367.0
22,2024-11-05 20:26:31.449541,2252918,1524989,67.0,727929,32.0,25.97,228926.0
23,2024-11-05 20:28:44.578019,2275058,1537617,67.0,737441,32.0,26.23,22140.0
24,2024-11-05 20:29:08.384758,2296242,1548178,67.0,748064,32.0,26.47,21184.0
25,2024-11-05 20:30:03.396451,2654842,1730461,65.0,924381,34.0,30.61,358600.0
26,2024-11-05 20:31:06.507418,2663879,1734685,65.0,929194,34.0,30.71,9037.0
27,2024-11-05 20:31:29.869970,2844746,1850837,65.0,993909,34.0,32.8,180867.0
28,2024-11-05 20:32:18.288034,2915255,1898110,65.0,1017145,34.0,33.61,70509.0
29,2024-11-05 20:32:44.746666,2962193,1930145,65.0,1032048,34.0,34.15,46938.0
30,2024-11-05 20:34:09.521646,2962977,1930824,65.0,1032153,34.0,34.16,784.0
31,2024-11-05 20:59:43.218810,4389793,2733335,62.0,1656458,37.0,51.11,1426816.0
32,2024-11-05 21:00:11.169387,4393312,2734682,62.0,1658630,37.0,51.15,3519.0
33,2024-11-05 21:00:32.582562,4434685,2752156,62.0,1682529,37.0,51.63,41373.0
34,2024-11-05 21:01:43.745848,4880410,2962126,60.0,1918284,39.0,56.82,445725.0
35,2024-11-05 21:02:36.933841,4913101,2979794,60.0,1933307,39.0,57.2,32691.0
36,2024-11-05 21:03:27.251477,4935049,2987434,60.0,1947615,39.0,57.45,21948.0
37,2024-11-05 21:03:48.380669,4952306,2996417,60.0,1955889,39.0,57.65,17257.0
38,2024-11-05 21:04:42.023415,4968462,3006124,60.0,1962338,39.0,57.84,16156.0
39,2024-11-05 21:05:27.217459,4977680,3008761,60.0,1968919,39.0,57.95,9218.0
40,2024-11-05 21:06:11.056963,4981775,3010945,60.0,1970830,39.0,58.0,4095.0
41,2024-11-05 21:06:34.530663,4999522,3018047,60.0,1981475,39.0,58.2,17747.0
42,2024-11-05 21:06:59.849565,5022048,3033158,60.0,1988890,39.0,58.46,22526.0
43,2024-11-05 21:07:28.700174,5036219,3038536,60.0,1997683,39.0,58.91,14171.0
44,2024-11-05 21:07:46.408992,5060178,3047535,60.0,2012643,39.0,58.91,23959.0
45,2024-11-05 21:08:25.596034,5138576,3086393,60.0,2052183,39.0,59.82,78398.0
46,2024-11-05 21:08:42.611845,5141372,3087361,60.0,2054011,39.0,59.85,2796.0
47,2024-11-05 21:09:12.725190,5142152,3087621,60.0,2054531,39.0,59.86,780.0
48,2024-11-05 21:10:46.884939,5155509,3092371,59.0,2063138,40.0,60.02,13357.0
49,2024-11-05 21:11:51.714687,5186105,3110204,59.0,2075901,40.0,60.37,30596.0
50,2024-11-05 21:12:12.847627,5193547,3112089,59.0,2081458,40.0,60.46,7442.0
51,2024-11-05 21:12:38.823807,5198324,3114022,59.0,2084302,40.0,60.52,4777.0
52,2024-11-05 21:13:00.053799,5205444,3117396,59.0,2088048,40.0,60.6,7120.0
53,2024-11-05 21:15:29.589049,5210452,3121701,59.0,2088751,40.0,60.66,5008.0
54,2024-11-05 21:13:41.230129,5217388,3123499,59.0,2093889,40.0,60.74,6936.0
55,2024-11-05 21:14:23.104368,5217894,3123586,59.0,2094308,40.0,60.74,506.0
56,2024-11-05 21:15:48.639148,5231098,3130595,59.0,2100503,40.0,60.9,13204.0
57,2024-11-05 21:16:36.493828,5293301,3162262,59.0,2131039,40.0,61.58,62203.0
58,2024-11-05 21:16:58.815055,5314223,3174190,59.0,2140033,40.0,61.83,20922.0
59,2024-11-05 21:17:24.519679,5328719,3180301,59.0,2148418,40.0,61.99,14496.0
60,2024-11-05 21:23:01.910582,5455831,3243464,59.0,2212367,40.0,63.52,127112.0
61,2024-11-05 21:23:19.745232,5507571,3266092,59.0,2241479,40.0,64.12,51740.0
62,2024-11-05 21:24:30.891038,5535979,3279087,59.0,2256892,40.0,64.45,28408.0
63,2024-11-05 21:25:28.401636,5541192,3280888,59.0,2260304,40.0,64.51,5213.0
64,2024-11-05 21:26:38.853856,5596709,3308013,59.0,2288696,40.0,65.21,55517.0
65,2024-11-05 21:27:19.867654,5663111,3341215,59.0,2321896,41.0,65.98,66402.0
66,2024-11-05 21:31:34.395809,5752344,3378603,58.0,2373741,41.0,67.03,89233.0
67,2024-11-05 21:34:16.872461,5799430,3398484,58.0,2400946,41.0,67.57,47086.0
68,2024-11-05 21:35:29.038173,5813106,3404657,58.0,2408449,41.0,67.73,13676.0
69,2024-11-05 21:36:16.616115,5817972,3407650,58.0,2410322,41.0,67.78,4866.0
70,2024-11-05 21:36:40.256663,5835708,3415821,58.0,2419887,41.0,67.99,17736.0
71,2024-11-05 21:37:08.708718,5839738,3417173,58.0,2422565,41.0,68.04,4030.0
72,2024-11-05 21:37:33.612565,5843117,3419208,58.0,2423909,41.0,68.08,3379.0
73,2024-11-05 21:38:27.627035,5848897,3420772,58.0,2428125,41.0,68.14,5780.0
74,2024-11-05 21:40:11.533309,5862758,3427824,58.0,2434934,41.0,68.3,13861.0
75,2024-11-05 21:40:31.275843,5895303,3446032,58.0,2449271,41.0,68.68,32545.0
76,2024-11-05 21:40:51.801113,5900382,3447683,58.0,2452699,41.0,68.74,5079.0
77,2024-11-05 21:41:37.288234,5907088,3451944,58.0,2455144,41.0,68.81,6706.0
78,2024-11-05 21:42:41.128352,5910289,3453620,58.0,2456669,41.0,68.85,3201.0
79,2024-11-05 21:43:01.846594,6182640,3566406,57.0,2616234,42.0,72.02,272351.0
80,2024-11-05 21:43:34.109074,6241990,3593155,57.0,2648835,42.0,72.71,59350.0
81,2024-11-05 21:44:11.732314,6268534,3608825,57.0,2659709,42.0,73.02,26544.0
82,2024-11-05 21:44:29.323506,6270663,3610021,57.0,2660642,42.0,73.05,2129.0
83,2024-11-05 21:45:47.942144,6291650,3618017,57.0,2673633,42.0,73.3,20987.0
84,2024-11-05 21:46:16.735550,6309724,3627329,57.0,2682395,42.0,73.51,18074.0
85,2024-11-05 21:46:40.590113,6393735,3687668,57.0,2706067,42.0,74.49,84011.0
86,2024-11-05 21:47:16.099907,6422621,3698823,57.0,2723798,42.0,74.82,28886.0
87,2024-11-05 21:48:26.530238,6439092,3704335,57.0,2734757,42.0,74.98,16471.0
88,2024-11-05 21:50:26.538328,6442314,3705288,57.0,2737026,42.0,75.02,3222.0
89,2024-11-05 21:51:15.493191,6444816,3705288,57.0,2739528,42.0,75.05,2502.0
90,2024-11-05 21:51:39.342723,6474208,3721628,57.0,2752580,42.0,75.39,29392.0
91,2024-11-05 21:52:04.138333,6483086,3725354,57.0,2757732,42.0,75.49,8878.0
92,2024-11-05 21:52:25.443590,6484068,3725680,57.0,2758388,42.0,75.5,982.0
93,2024-11-05 21:53:32.552518,6576342,3779218,57.0,2797124,42.0,76.64,92274.0
94,2024-11-05 21:53:14.628578,6577342,3779218,57.0,2798124,42.0,76.59,1000.0
95,2024-11-05 21:54:24.443597,6615577,3798185,57.0,2817392,42.0,76.84,38235.0
96,2024-11-05 21:55:48.563851,6663134,3816425,57.0,2846709,42.0,77.42,47557.0
97,2024-11-05 21:56:12.469512,6664134,3816425,57.0,2847709,42.0,77.43,1000.0
98,2024-11-05 21:56:30.782573,6666514,3824902,57.0,2841612,42.0,77.25,2380.0
99,2024-11-05 21:57:58.693327,6674197,3827711,57.0,2846486,42.0,77.34,7683.0
100,2024-11-05 21:58:22.131342,6693884,3829417,57.0,2864467,42.0,77.57,19687.0
101,2024-11-05 21:59:19.385907,6699059,3831362,57.0,2867697,42.0,77.61,5175.0
102,2024-11-05 21:59:38.808424,6699950,3831710,57.0,2868240,42.0,77.62,891.0
103,2024-11-05 22:00:31.328198,6711077,3835523,57.0,2875554,42.0,77.75,11127.0
104,2024-11-05 22:01:36.468061,6717555,3840139,57.0,2877416,42.0,77.82,6478.0
105,2024-11-05 22:02:27.246943,6721964,3841487,57.0,2880477,42.0,77.86,4409.0
106,2024-11-05 22:03:45.208838,6779029,3871069,57.0,2907960,42.0,78.52,57065.0
107,2024-11-05 22:04:49.726722,6780087,3871478,57.0,2908609,42.0,78.53,1058.0
108,2024-11-05 22:05:42.401504,6783171,3872874,57.0,2910297,42.0,78.56,3084.0
109,2024-11-05 22:06:34.140480,6783739,3873071,57.0,2910668,42.0,78.57,568.0
110,2024-11-05 22:06:53.945466,6791090,3878241,57.0,2912849,42.0,78.65,7351.0
111,2024-11-05 22:08:27.533301,6793904,3879818,57.0,2914086,42.0,78.68,2814.0
112,2024-11-05 22:09:27.428605,6805094,3883501,57.0,2921593,42.0,78.81,11190.0
113,2024-11-05 22:11:12.752131,6806034,3883876,57.0,2922158,42.0,78.8,940.0
114,2024-11-05 22:11:36.048701,6815755,3890150,57.0,2925605,42.0,78.92,9721.0
115,2024-11-05 22:12:23.383955,6816756,3890868,57.0,2925888,42.0,78.93,1001.0
116,2024-11-05 22:13:13.895264,6920968,3943122,56.0,2977846,43.0,80.13,104212.0
117,2024-11-05 22:13:38.494100,7055870,3993041,56.0,3062829,43.0,81.7,134902.0
118,2024-11-05 22:13:56.470877,7068765,3999882,56.0,3068883,43.0,81.84,12895.0
119,2024-11-05 22:15:02.897578,7072915,4000921,56.0,3071994,43.0,81.89,4150.0
120,2024-11-05 22:15:28.935421,7080139,4003242,56.0,3076897,43.0,81.98,7224.0
121,2024-11-05 22:16:58.386315,7097458,4010052,56.0,3087406,43.0,82.18,17319.0
122,2024-11-05 22:17:39.277888,7110715,4017615,56.0,3093100,43.0,82.33,13257.0
123,2024-11-05 22:18:37.828898,7119348,4020511,56.0,3098837,43.0,82.43,8633.0
124,2024-11-05 22:19:19.607392,7136703,4027402,56.0,3109301,43.0,82.63,17355.0
125,2024-11-05 22:19:43.623466,7148211,4031639,56.0,3116572,43.0,82.76,11508.0
126,2024-11-05 22:21:40.594586,7154184,4033577,56.0,3120607,43.0,82.83,5973.0
127,2024-11-05 22:22:30.233636,7159723,4035306,56.0,3124417,43.0,82.9,5539.0
128,2024-11-05 22:23:19.381168,7172161,4039256,56.0,3132905,43.0,83.04,12438.0
129,2024-11-05 22:26:34.339890,7179896,4043468,56.0,3136428,43.0,83.13,7735.0
130,2024-11-05 22:28:52.623269,7180061,4043587,56.0,3136474,43.0,83.04,165.0
131,2024-11-05 22:29:42.973693,7182018,4044257,56.0,3137761,43.0,83.06,1957.0
132,2024-11-05 22:30:12.682568,7236870,4065793,56.0,3171077,43.0,83.7,54852.0
133,2024-11-05 22:31:34.399425,7243566,4070455,56.0,3173111,43.0,83.77,6696.0
134,2024-11-05 22:32:04.363742,7283719,4086349,56.0,3197370,43.0,84.24,40153.0
135,2024-11-05 22:33:51.383159,7294466,4089254,56.0,3205212,43.0,84.29,10747.0
136,2024-11-05 22:36:53.666513,7298439,4091956,56.0,3206483,43.0,84.34,3973.0
137,2024-11-05 22:37:48.776605,7305303,4093647,56.0,3211656,43.0,84.42,6864.0
138,2024-11-05 22:38:34.509685,7324472,4103773,56.0,3220699,43.0,84.64,19169.0
139,2024-11-05 22:39:26.340161,7325422,4104177,56.0,3221245,43.0,84.65,950.0
140,2024-11-05 22:41:28.459450,7326460,4104999,56.0,3221461,43.0,84.66,1038.0
141,2024-11-05 22:44:36.564734,7327724,4105483,56.0,3222241,43.0,84.68,1264.0
142,2024-11-05 22:45:22.450120,7331736,4106740,56.0,3224996,43.0,84.72,4012.0
143,2024-11-05 22:46:55.032413,7333122,4107814,56.0,3225308,43.0,84.74,1386.0
144,2024-11-05 22:47:25.764379,7340506,4110085,55.0,3230421,44.0,84.82,7384.0
145,2024-11-05 22:49:06.220437,7480806,4173408,55.0,3307398,44.0,86.45,140300.0
146,2024-11-05 22:51:52.475819,7482063,4174409,55.0,3307654,44.0,86.46,1257.0
147,2024-11-06 00:56:40.044162,7490458,4151877,55.0,3338581,44.0,95.74,8395.0
148,2024-11-06 08:40:20.445247,7491516,4152286,55.0,3339230,44.0,96.1,1058.0
149,2024-11-06 00:41:28.324386,7503627,4157555,55.0,3346072,44.0,93.13,12111.0
150,2024-11-06 00:54:12.124426,7503667,4157555,55.0,3346112,44.0,95.91,40.0
151,2024-11-05 22:52:24.714844,7509641,4189622,55.0,3320019,44.0,86.78,5974.0
152,2024-11-05 22:53:20.664525,7511370,4190275,55.0,3321095,44.0,86.8,1729.0
153,2024-11-05 22:53:46.429883,7511603,4190374,55.0,3321229,44.0,86.8,233.0
154,2024-11-05 22:55:37.755416,7512625,4190691,55.0,3321934,44.0,86.81,1022.0
155,2024-11-05 22:56:08.513337,7514849,4192483,55.0,3322366,44.0,86.84,2224.0
156,2024-11-05 22:57:31.927505,7523347,4196740,55.0,3326607,44.0,86.94,8498.0
157,2024-11-05 23:01:45.839884,7523719,4197019,55.0,3326700,44.0,86.95,372.0
158,2024-11-05 23:06:18.546377,7523929,4197161,55.0,3326768,44.0,89.16,210.0
159,2024-11-05 23:10:30.753799,7524887,4197248,55.0,3327639,44.0,90.63,958.0
160,2024-11-05 23:11:27.827937,7525259,4197331,55.0,3327928,44.0,90.69,372.0
161,2024-11-05 23:14:24.878587,7531834,4197422,55.0,3334412,44.0,90.77,6575.0
162,2024-11-05 23:15:20.044902,7541979,4203435,55.0,3338544,44.0,90.9,10145.0
163,2024-11-05 23:16:16.647649,7543466,4204201,55.0,3339265,44.0,90.91,1487.0
164,2024-11-05 23:16:45.696293,7543720,4204258,55.0,3339462,44.0,92.3,254.0
165,2024-11-05 23:19:32.801558,7549012,4207165,55.0,3341847,44.0,92.62,5292.0
166,2024-11-05 23:26:34.978504,7549319,4207339,55.0,3341980,44.0,92.85,307.0
167,2024-11-05 23:30:35.351399,7553127,4209463,55.0,3343664,44.0,93.22,3808.0
168,2024-11-06 00:27:27.410122,7561820,4211986,55.0,3349834,44.0,93.79,8693.0
169,2024-11-06 00:26:25.382836,7562178,4212125,55.0,3350053,44.0,93.79,358.0
170,2024-11-06 00:21:11.362558,7562218,4212125,55.0,3350093,44.0,93.79,40.0
171,2024-11-06 00:30:40.760245,7563888,4204001,55.0,3359887,44.0,93.81,1670.0
172,2024-11-06 00:32:38.106108,7564220,4204169,55.0,3360051,44.0,93.88,332.0
173,2024-11-06 00:06:11.568628,7566268,4211372,55.0,3354896,44.0,93.66,2048.0
174,2024-11-05 23:31:54.003902,7566388,4213106,55.0,3353282,44.0,93.39,120.0
175,2024-11-06 00:18:16.549689,7567542,4212125,55.0,3355417,44.0,93.6,1154.0
176,2024-11-06 00:09:43.226839,7568600,4212534,55.0,3356066,44.0,93.61,1058.0
177,2024-11-05 23:32:17.792438,7569092,4214415,55.0,3354677,44.0,93.42,492.0
178,2024-11-05 23:34:42.898984,7570482,4214992,55.0,3355490,44.0,93.56,1390.0
179,2024-11-06 00:01:31.850108,7575450,4216704,55.0,3358746,44.0,93.74,4968.0
180,2024-11-06 09:47:05.344327,7604757,4232221,55.0,3372536,44.0,99.0,29307.0
181,2024-11-06 09:47:21.216451,7762848,4332334,55.0,3430514,44.0,99.0,158091.0
182,2024-11-06 10:12:35.207604,7763140,4332561,55.0,3430579,44.0,96.57,292.0
183,2024-11-06 10:25:59.191462,7763673,4332759,55.0,3430914,44.0,96.71,533.0
184,2024-11-06 13:04:29.559410,7765027,4332759,55.0,3432268,44.0,96.73,1354.0
185,2024-11-06 13:59:57.602767,7766269,4333438,55.0,3432831,44.0,96.73,1242.0
186,2024-11-06 15:59:36.796766,7766998,4333719,55.0,3433279,44.0,96.74,729.0
187,2024-11-06 16:26:54.518858,7768251,4334452,55.0,3433799,44.0,96.75,1253.0
188,2024-11-06 16:41:34.548069,7770503,4336052,55.0,3434451,44.0,96.78,2252.0
189,2024-11-07 09:26:35.130468,7771340,4336686,55.0,3434654,44.0,96.76,837.0
190,2024-11-07 11:20:27.159602,7771480,4336766,55.0,3434714,44.0,96.76,140.0
191,2024-11-07 13:19:01.097002,7771577,4337146,55.0,3434431,44.0,96.76,97.0
192,2024-11-07 15:18:15.459079,7771786,4337238,55.0,3434548,44.0,96.78,209.0
193,2024-11-07 11:34:14.383683,7772931,4337146,55.0,3435785,44.0,96.78,1145.0
194,2024-11-07 15:49:24.141782,7778119,4341258,55.0,3436861,44.0,96.86,5188.0
195,2024-11-07 15:54:35.899934,7778414,4341453,55.0,3436961,44.0,96.87,295.0
196,2024-11-08 09:06:02.729373,7788106,4347481,55.0,3440625,44.0,96.99,9692.0
197,2024-11-08 10:24:54.692347,7788310,4347564,55.0,3440746,44.0,96.79,204.0
198,2024-11-08 11:26:35.262136,7788377,4347605,55.0,3440772,44.0,96.79,67.0
199,2024-11-08 11:54:26.763665,7789093,4348111,55.0,3440982,44.0,96.8,716.0
200,2024-11-08 12:10:26.559343,7790010,4348743,55.0,3441267,44.0,96.81,917.0
201,2024-11-08 12:30:23.959170,7790721,4349111,55.0,3441610,44.0,96.82,711.0
202,2024-11-08 13:06:15.403478,7790891,4349207,55.0,3441684,44.0,96.82,170.0
203,2024-11-08 13:54:50.006474,7791534,4349763,55.0,3441771,44.0,96.83,643.0
204,2024-11-08 14:29:04.234004,7793041,4350556,55.0,3442485,44.0,96.79,1507.0
205,2024-11-08 14:54:35.153248,7793279,4350740,55.0,3442539,44.0,96.8,238.0
206,2024-11-08 15:55:03.126832,7793629,4350915,55.0,3442714,44.0,96.8,350.0
207,2024-11-08 15:57:28.372994,7793946,4351155,55.0,3442791,44.0,96.8,317.0
208,2024-11-08 16:00:53.029763,7796461,4352843,55.0,3443618,44.0,96.84,2515.0
209,2024-11-08 16:05:48.746695,7796490,4352867,55.0,3443623,44.0,96.84,29.0
210,2024-11-08 16:13:10.312650,7796688,4353005,55.0,3443683,44.0,96.84,198.0
211,2024-11-11 08:54:36.627688,7797565,4353569,55.0,3443996,44.0,96.81,877.0
