,Datetime_Extraction,Total_Votes,KH_Vote_Count,KH_Vote_Pct,DT_Vote_Count,DT_Vote_Pct,Pct_Reported,Additional_Votes_Since_Last_Update,Additional_Trump_Votes_Since_Last_Update,Additional_Harris_Votes_Since_Last_Update,Pct_New_Votes_For_Trump,Pct_New_Votes_For_Harris
0,2024-11-05 13:57:33.481434,0.0,0.0,0.0,0.0,0.0,0.0,0.0,0.0,0.0,0.0,0.0
1,2024-11-05 18:36:22.215990,106477.0,74096.0,68.0,32381.0,30.0,1.81,106477.0,32381.0,74096.0,30.41126252617936,69.58873747382064
2,2024-11-05 18:38:45.875026,110435.0,76140.0,68.0,34295.0,30.0,1.88,3958.0,1914.0,2044.0,48.357756442647805,51.642243557352195
3,2024-11-05 18:52:15.175789,151426.0,104422.0,68.0,47004.0,30.0,2.58,40991.0,12709.0,28282.0,31.004366812227076,68.99563318777294
4,2024-11-05 18:56:09.610010,184656.0,115947.0,62.0,68709.0,36.0,3.14,33230.0,21705.0,11525.0,65.31748420102316,34.68251579897682
5,2024-11-05 18:56:39.863198,185372.0,116365.0,62.0,69007.0,36.0,3.15,716.0,298.0,418.0,41.62011173184357,58.37988826815642
6,2024-11-05 18:58:36.098354,206880.0,125436.0,59.0,81444.0,38.0,3.52,21508.0,12437.0,9071.0,57.824995350567235,42.175004649432765
7,2024-11-05 19:00:36.635882,260571.0,137432.0,52.0,123139.0,46.0,4.42,53691.0,41695.0,11996.0,77.6573354938444,22.342664506155593
8,2024-11-05 19:02:36.581395,268575.0,140906.0,51.0,127669.0,47.0,4.56,8004.0,4530.0,3474.0,56.59670164917541,43.403298350824585
9,2024-11-05 19:03:26.312304,341825.0,178240.0,51.0,163585.0,47.0,5.8,73250.0,35916.0,37334.0,49.0320819112628,50.96791808873719
10,2024-11-05 19:05:53.296202,412228.0,231987.0,55.0,180241.0,43.0,7.0,70403.0,16656.0,53747.0,23.658082752155448,76.34191724784455
11,2024-11-05 19:07:26.826890,412997.0,232346.0,55.0,180651.0,43.0,7.01,769.0,410.0,359.0,53.31599479843953,46.68400520156047
12,2024-11-05 19:08:35.603914,419896.0,233969.0,55.0,185927.0,43.0,7.13,6899.0,5276.0,1623.0,76.47485142774315,23.52514857225685
13,2024-11-05 19:09:55.968702,430733.0,237186.0,54.0,193547.0,44.0,7.31,10837.0,7620.0,3217.0,70.31466272953769,29.685337270462302
14,2024-11-05 19:11:34.630463,453631.0,245852.0,53.0,207779.0,45.0,7.7,22898.0,14232.0,8666.0,62.15389990392174,37.84610009607826
15,2024-11-05 19:13:49.368413,490942.0,259226.0,52.0,231716.0,46.0,8.34,37311.0,23937.0,13374.0,64.15534292835893,35.84465707164107
16,2024-11-05 19:16:41.059718,508830.0,265442.0,51.0,243388.0,47.0,8.64,17888.0,11672.0,6216.0,65.25044722719142,34.749552772808585
17,2024-11-05 19:19:17.159599,514445.0,266313.0,51.0,248132.0,47.0,8.74,5615.0,4744.0,871.0,84.4879786286732,15.512021371326803
18,2024-11-05 19:21:33.417854,597210.0,316930.0,52.0,280280.0,46.0,10.15,82765.0,32148.0,50617.0,38.84250589017096,61.15749410982904
19,2024-11-05 19:24:25.904066,664390.0,343926.0,51.0,320464.0,47.0,11.29,67180.0,40184.0,26996.0,59.81542125632628,40.18457874367371
20,2024-11-05 19:28:31.170040,739611.0,379088.0,50.0,360523.0,48.0,12.56,75221.0,40059.0,35162.0,53.25507504553249,46.74492495446751
21,2024-11-05 19:30:25.503431,775383.0,389545.0,49.0,385838.0,49.0,13.17,35772.0,25315.0,10457.0,70.76763949457676,29.232360505423237
22,2024-11-05 19:31:33.571017,775838.0,389643.0,49.0,386195.0,49.0,13.18,455.0,357.0,98.0,78.46153846153847,21.53846153846154
23,2024-11-05 19:33:35.690397,800934.0,400459.0,49.0,400475.0,49.0,13.61,25096.0,14280.0,10816.0,56.90149824673255,43.098501753267456
24,2024-11-05 19:37:41.020128,947557.0,456096.0,47.0,491461.0,51.0,16.09,146623.0,90986.0,55637.0,62.054384373529395,37.945615626470605
25,2024-11-05 19:39:34.959745,1205044.0,565118.0,46.0,639926.0,52.0,20.46,257487.0,148465.0,109022.0,57.659221630606595,42.340778369393405
26,2024-11-05 19:42:55.461149,1205868.0,565601.0,46.0,640267.0,52.0,20.47,824.0,341.0,483.0,41.383495145631066,58.616504854368934
27,2024-11-05 19:43:50.859947,1207902.0,566448.0,46.0,641454.0,52.0,20.51,2034.0,1187.0,847.0,58.35791543756146,41.64208456243855
28,2024-11-05 19:44:21.344645,1265123.0,600363.0,47.0,664760.0,52.0,21.48,57221.0,23306.0,33915.0,40.72980199577078,59.270198004229215
29,2024-11-05 19:45:48.329850,1363919.0,634808.0,46.0,729111.0,52.0,23.16,98796.0,64351.0,34445.0,65.13522814688854,34.86477185311146
30,2024-11-05 19:49:04.254717,1364215.0,634849.0,46.0,729366.0,52.0,23.17,296.0,255.0,41.0,86.14864864864865,13.85135135135135
31,2024-11-05 19:49:31.914511,1383993.0,642253.0,45.0,741740.0,53.0,23.51,19778.0,12374.0,7404.0,62.56446556780261,37.43553443219739
32,2024-11-05 19:51:50.073994,1397195.0,645756.0,45.0,751439.0,53.0,23.73,13202.0,9699.0,3503.0,73.46614149371308,26.53385850628693
33,2024-11-05 19:52:49.868726,1457836.0,663723.0,45.0,794113.0,53.0,24.76,60641.0,42674.0,17967.0,70.37153081248661,29.6284691875134
34,2024-11-05 19:53:41.978154,1459999.0,664567.0,45.0,795432.0,53.0,24.8,2163.0,1319.0,844.0,60.98012020342117,39.01987979657883
35,2024-11-05 19:54:02.927618,1463084.0,666637.0,45.0,796447.0,53.0,24.85,3085.0,1015.0,2070.0,32.90113452188007,67.09886547811993
36,2024-11-05 19:54:24.412889,1515342.0,685743.0,44.0,829599.0,54.0,25.74,52258.0,33152.0,19106.0,63.43909066554403,36.56090933445597
37,2024-11-05 19:57:32.473916,1544800.0,694449.0,44.0,850351.0,54.0,26.24,29458.0,20752.0,8706.0,70.44605879557336,29.553941204426643
38,2024-11-05 19:59:23.390924,2145616.0,1025531.0,47.0,1120085.0,51.0,36.46,600816.0,269734.0,331082.0,44.89460999707065,55.10539000292935
39,2024-11-05 20:01:51.865766,2148071.0,1026380.0,47.0,1121691.0,51.0,36.5,2455.0,1606.0,849.0,65.41751527494908,34.58248472505092
40,2024-11-05 20:02:12.256627,2209467.0,1053976.0,47.0,1155491.0,51.0,37.54,61396.0,33800.0,27596.0,55.05244641344713,44.94755358655287
41,2024-11-05 20:04:15.951993,2326973.0,1107289.0,47.0,1219684.0,51.0,39.54,117506.0,64193.0,53313.0,54.629550831446906,45.370449168553094
42,2024-11-05 20:05:54.934815,2343377.0,1114995.0,47.0,1228382.0,51.0,39.81,16404.0,8698.0,7706.0,53.023652767617655,46.976347232382345
43,2024-11-05 20:08:37.893169,2343496.0,1115048.0,47.0,1228448.0,51.0,39.82,119.0,66.0,53.0,55.46218487394958,44.537815126050425
44,2024-11-05 20:11:59.399707,2345662.0,1115744.0,47.0,1229918.0,51.0,39.86,2166.0,1470.0,696.0,67.86703601108033,32.13296398891966
45,2024-11-05 20:12:50.820859,2350370.0,1117004.0,47.0,1233366.0,51.0,39.94,4708.0,3448.0,1260.0,73.23704333050128,26.762956669498728
46,2024-11-05 20:14:03.789644,2350602.0,1117058.0,47.0,1233544.0,51.0,39.94,232.0,178.0,54.0,76.72413793103449,23.275862068965516
47,2024-11-05 20:14:29.274119,2446807.0,1163922.0,47.0,1282885.0,51.0,41.58,96205.0,49341.0,46864.0,51.287355127072395,48.712644872927605
48,2024-11-05 20:15:41.581796,2456739.0,1167275.0,47.0,1289464.0,51.0,41.75,9932.0,6579.0,3353.0,66.24043495771245,33.759565042287555
49,2024-11-05 20:19:11.059684,2862485.0,1407878.0,48.0,1454607.0,50.0,48.67,405746.0,165143.0,240603.0,40.701079000162665,59.298920999837335
50,2024-11-05 20:19:34.651066,2865723.0,1409785.0,48.0,1455938.0,50.0,48.73,3238.0,1331.0,1907.0,41.10562075355158,58.89437924644842
51,2024-11-05 20:20:22.523464,2866309.0,1409969.0,48.0,1456340.0,50.0,48.74,586.0,402.0,184.0,68.60068259385666,31.399317406143346
52,2024-11-05 20:21:19.747753,2870164.0,1411332.0,48.0,1458832.0,50.0,48.91,3855.0,2492.0,1363.0,64.64332036316472,35.35667963683528
53,2024-11-05 20:21:48.801889,2943086.0,1437910.0,48.0,1505176.0,50.0,50.16,72922.0,46344.0,26578.0,63.55283727818766,36.44716272181235
54,2024-11-05 20:24:54.791704,2953816.0,1442726.0,48.0,1511090.0,50.0,50.35,10730.0,5914.0,4816.0,55.11649580615098,44.88350419384902
55,2024-11-05 20:26:31.449541,3062336.0,1480146.0,47.0,1582190.0,51.0,52.2,108520.0,71100.0,37420.0,65.5178768890527,34.482123110947285
56,2024-11-05 20:26:56.421318,3065659.0,1482080.0,47.0,1583579.0,51.0,52.26,3323.0,1389.0,1934.0,41.79957869395125,58.20042130604875
57,2024-11-05 20:30:03.396451,3084134.0,1493805.0,47.0,1590329.0,51.0,52.57,18475.0,6750.0,11725.0,36.53585926928282,63.46414073071719
58,2024-11-05 20:31:29.869970,3158065.0,1520046.0,47.0,1638019.0,51.0,53.83,73931.0,47690.0,26241.0,64.50609351963317,35.493906480366824
59,2024-11-05 20:33:50.117705,3312134.0,1604588.0,47.0,1707546.0,51.0,58.24,154069.0,69527.0,84542.0,45.12718327502612,54.87281672497387
60,2024-11-05 20:59:43.218810,3746381.0,1779274.0,46.0,1967107.0,51.0,65.71,434247.0,259561.0,174686.0,59.772663944713486,40.22733605528651
61,2024-11-05 21:04:42.023415,3784131.0,1796457.0,46.0,1987674.0,51.0,66.37,37750.0,20567.0,17183.0,54.48211920529802,45.51788079470199
62,2024-11-05 21:08:06.003151,3885146.0,1849754.0,47.0,2035392.0,51.0,68.13,101015.0,47718.0,53297.0,47.23852893134683,52.761471068653165
63,2024-11-05 21:10:03.784721,3901680.0,1854116.0,47.0,2047564.0,51.0,68.42,16534.0,12172.0,4362.0,73.61799927422281,26.38200072577719
64,2024-11-05 21:13:41.230129,4016098.0,1896294.0,46.0,2119804.0,52.0,70.41,114418.0,72240.0,42178.0,63.1369190162387,36.8630809837613
65,2024-11-05 21:14:00.930329,4016288.0,1896445.0,46.0,2119843.0,52.0,70.41,190.0,39.0,151.0,20.526315789473685,79.47368421052632
66,2024-11-05 21:16:36.493828,4017214.0,1896866.0,46.0,2120348.0,52.0,70.42,926.0,505.0,421.0,54.535637149028084,45.46436285097192
67,2024-11-05 21:17:24.519679,4018285.0,1897306.0,46.0,2120979.0,52.0,70.44,1071.0,631.0,440.0,58.916900093370685,41.083099906629315
68,2024-11-05 21:23:01.910582,4273513.0,2005975.0,46.0,2267538.0,52.0,74.92,255228.0,146559.0,108669.0,57.42277493065024,42.57722506934976
69,2024-11-05 21:31:34.395809,4302757.0,2016125.0,46.0,2286632.0,52.0,75.43,29244.0,19094.0,10150.0,65.29202571467651,34.70797428532349
70,2024-11-05 21:34:16.872461,4743570.0,2309464.0,48.0,2434106.0,50.0,83.18,440813.0,147474.0,293339.0,33.45500246136117,66.54499753863882
71,2024-11-05 21:36:40.256663,4793722.0,2335265.0,48.0,2458457.0,50.0,84.04,50152.0,24351.0,25801.0,48.55439464029351,51.44560535970649
72,2024-11-05 21:46:16.735550,4799931.0,2338980.0,48.0,2460951.0,50.0,83.94,6209.0,2494.0,3715.0,40.16749879207602,59.83250120792398
73,2024-11-05 21:48:26.530238,4832623.0,2351678.0,48.0,2480945.0,50.0,84.52,32692.0,19994.0,12698.0,61.15869325828949,38.84130674171051
74,2024-11-05 21:56:58.710028,4867171.0,2362655.0,48.0,2504516.0,50.0,86.31,34548.0,23571.0,10977.0,68.22681486627302,31.77318513372699
75,2024-11-05 22:05:42.401504,4896169.0,2378442.0,48.0,2517727.0,50.0,86.83,28998.0,13211.0,15787.0,45.558314366508036,54.441685633491964
76,2024-11-05 22:06:34.140480,4896942.0,2379071.0,48.0,2517871.0,50.0,86.85,773.0,144.0,629.0,18.628719275549805,81.37128072445019
77,2024-11-05 22:08:27.533301,4949075.0,2406214.0,48.0,2542861.0,50.0,87.7,52133.0,24990.0,27143.0,47.93508909903516,52.06491090096485
78,2024-11-05 22:16:58.386315,5001797.0,2432590.0,48.0,2569207.0,50.0,88.64,52722.0,26346.0,26376.0,49.97154887902583,50.02845112097417
79,2024-11-05 22:19:43.623466,5007025.0,2436340.0,48.0,2570685.0,50.0,88.74,5228.0,1478.0,3750.0,28.270849273144606,71.7291507268554
80,2024-11-05 22:20:17.335419,5007712.0,2436454.0,48.0,2571258.0,50.0,88.75,687.0,573.0,114.0,83.4061135371179,16.593886462882097
81,2024-11-05 22:35:32.067634,5017263.0,2442685.0,48.0,2574578.0,50.0,88.92,9551.0,3320.0,6231.0,34.76075803580777,65.23924196419223
82,2024-11-05 22:36:53.666513,5017347.0,2442769.0,48.0,2574578.0,50.0,88.92,84.0,0.0,84.0,0.0,100.0
83,2024-11-05 22:37:48.776605,5027044.0,2445460.0,48.0,2581584.0,50.0,89.09,9697.0,7006.0,2691.0,72.24914922140869,27.750850778591317
84,2024-11-05 22:38:34.509685,5087739.0,2472978.0,48.0,2614761.0,50.0,90.17,60695.0,33177.0,27518.0,54.661833758958736,45.33816624104127
85,2024-11-05 22:46:55.032413,5099013.0,2478405.0,48.0,2620608.0,50.0,90.3,11274.0,5847.0,5427.0,51.86269292176689,48.13730707823311
86,2024-11-05 22:51:52.475819,5102078.0,2479785.0,48.0,2622293.0,50.0,90.35,3065.0,1685.0,1380.0,54.97553017944535,45.02446982055465
87,2024-11-05 22:57:31.927505,5144915.0,2496363.0,47.0,2648552.0,50.0,91.11,42837.0,26259.0,16578.0,61.299810911128226,38.70018908887177
88,2024-11-05 22:59:40.781504,5187009.0,2520256.0,48.0,2666753.0,50.0,91.93,42094.0,18201.0,23893.0,43.238941416829,56.761058583171
89,2024-11-05 23:17:39.237139,5189747.0,2522005.0,48.0,2667742.0,50.0,92.3,2738.0,989.0,1749.0,36.121256391526664,63.87874360847334
90,2024-11-05 23:31:54.003902,5220845.0,2537702.0,48.0,2683143.0,50.0,92.86,31098.0,15401.0,15697.0,49.52408515017043,50.47591484982957
91,2024-11-05 23:35:37.369424,5384975.0,2594289.0,47.0,2790686.0,51.0,95.77,164130.0,107543.0,56587.0,65.52306098824103,34.47693901175897
92,2024-11-05 23:45:48.578566,5412396.0,2611149.0,47.0,2801247.0,51.0,96.29,27421.0,10561.0,16860.0,38.51427737865139,61.48572262134861
93,2024-11-05 23:48:21.025896,5420444.0,2613298.0,47.0,2807146.0,51.0,96.43,8048.0,5899.0,2149.0,73.29771371769384,26.702286282306165
94,2024-11-06 00:01:31.850108,5519476.0,2669606.0,47.0,2849870.0,51.0,97.99,99032.0,42724.0,56308.0,43.14161079247112,56.85838920752888
95,2024-11-06 00:10:55.539818,5525068.0,2673133.0,47.0,2851935.0,51.0,98.09,5592.0,2065.0,3527.0,36.927753934191706,63.0722460658083
96,2024-11-06 00:34:08.902087,5528999.0,2676102.0,47.0,2852897.0,51.0,98.48,3931.0,962.0,2969.0,24.47214449249555,75.52785550750446
97,2024-11-06 00:48:13.800937,5529391.0,2676410.0,47.0,2852981.0,51.0,98.45,392.0,84.0,308.0,21.428571428571427,78.57142857142857
98,2024-11-06 01:18:30.235800,5549561.0,2680978.0,47.0,2868583.0,51.0,98.8,20170.0,15602.0,4568.0,77.35250371839365,22.647496281606347
99,2024-11-06 01:27:34.118146,5559533.0,2683995.0,47.0,2875538.0,51.0,98.98,9972.0,6955.0,3017.0,69.74528680304853,30.254713196951467
100,2024-11-06 12:36:16.865993,5560924.0,2684526.0,47.0,2876398.0,51.0,99.0,1391.0,860.0,531.0,61.82602444284687,38.17397555715313
101,2024-11-06 12:36:42.603917,5560947.0,2684549.0,47.0,2876398.0,51.0,99.0,23.0,0.0,23.0,0.0,100.0
102,2024-11-07 16:04:18.681225,5565258.0,2687633.0,47.0,2877625.0,51.0,99.0,4311.0,1227.0,3084.0,28.462073764787753,71.53792623521224
103,2024-11-07 21:37:55.468454,5565932.0,2688051.0,47.0,2877881.0,51.0,99.0,674.0,256.0,418.0,37.98219584569733,62.01780415430267
104,2024-11-08 09:12:25.247695,5566017.0,2688099.0,47.0,2877918.0,51.0,99.0,85.0,37.0,48.0,43.529411764705884,56.470588235294116
105,2024-11-08 12:12:37.789599,5566048.0,2688122.0,47.0,2877926.0,51.0,99.0,31.0,8.0,23.0,25.806451612903224,74.19354838709677
106,2024-11-09 06:04:39.093119,5566905.0,2688797.0,47.0,2878108.0,51.0,99.0,857.0,182.0,675.0,21.236872812135356,78.76312718786464
