,Datetime_Extraction,Total_Votes,KH_Vote_Count,KH_Vote_Pct,DT_Vote_Count,DT_Vote_Pct,Pct_Reported,Additional_Votes_Since_Last_Update,Additional_Trump_Votes_Since_Last_Update,Additional_Harris_Votes_Since_Last_Update,Pct_New_Votes_For_Trump,Pct_New_Votes_For_Harris
0,2024-11-05 13:57:33.481434,0.0,0.0,0.0,0.0,0.0,0.0,0.0,0.0,0.0,0.0,0.0
1,2024-11-05 19:41:44.743755,4903.0,1259.0,25.0,3644.0,72.0,1.35,4903.0,3644.0,1259.0,74.32184376912095,25.67815623087905
2,2024-11-05 19:46:16.093187,5560.0,1220.0,21.0,4340.0,76.0,1.53,657.0,696.0,-39.0,105.93607305936072,-5.93607305936073
3,2024-11-05 19:44:48.639657,6561.0,1594.0,23.0,4967.0,74.0,1.81,1001.0,627.0,374.0,62.637362637362635,37.362637362637365
4,2024-11-05 19:51:50.073994,10164.0,2461.0,23.0,7703.0,74.0,2.8,3603.0,2736.0,867.0,75.93671940049958,24.063280599500416
5,2024-11-05 19:52:49.868726,12115.0,2952.0,23.0,9163.0,74.0,3.34,1951.0,1460.0,491.0,74.83341875961045,25.166581240389547
6,2024-11-05 19:56:07.335872,14349.0,3285.0,22.0,11064.0,75.0,3.96,2234.0,1901.0,333.0,85.0940017905103,14.905998209489704
7,2024-11-05 20:11:38.999415,15481.0,3535.0,22.0,11946.0,75.0,4.28,1132.0,882.0,250.0,77.91519434628975,22.084805653710244
8,2024-11-05 20:19:34.651066,18625.0,4392.0,23.0,14233.0,75.0,5.14,3144.0,2287.0,857.0,72.74173027989822,27.25826972010178
9,2024-11-05 20:21:48.801889,20864.0,5196.0,24.0,15668.0,73.0,5.76,2239.0,1435.0,804.0,64.09111210361769,35.90888789638231
10,2024-11-05 20:31:29.869970,27763.0,7051.0,24.0,20712.0,73.0,7.69,6899.0,5044.0,1855.0,73.1120452239455,26.8879547760545
11,2024-11-05 20:59:43.218810,82713.0,22723.0,26.0,59990.0,71.0,23.08,54950.0,39278.0,15672.0,71.47952684258416,28.520473157415832
12,2024-11-05 21:01:43.745848,106859.0,32293.0,29.0,74566.0,68.0,29.9,24146.0,14576.0,9570.0,60.366106187360224,39.633893812639776
13,2024-11-05 21:11:51.714687,111196.0,33463.0,29.0,77733.0,68.0,31.11,4337.0,3167.0,1170.0,73.02282683882868,26.977173161171315
14,2024-11-05 21:12:38.823807,111205.0,33472.0,29.0,77733.0,68.0,31.11,9.0,0.0,9.0,0.0,100.0
15,2024-11-05 21:16:36.493828,136666.0,41263.0,29.0,95403.0,68.0,38.26,25461.0,17670.0,7791.0,69.40025921998351,30.599740780016493
16,2024-11-05 21:23:01.910582,141363.0,42155.0,29.0,99208.0,68.0,39.66,4697.0,3805.0,892.0,81.0091547796466,18.990845220353417
17,2024-11-05 21:26:38.853856,155409.0,45473.0,28.0,109936.0,69.0,43.77,14046.0,10728.0,3318.0,76.37761640324648,23.622383596753522
18,2024-11-05 21:31:34.395809,160256.0,46998.0,28.0,113258.0,69.0,45.23,4847.0,3322.0,1525.0,68.53723952960594,31.46276047039406
19,2024-11-05 21:36:16.616115,172950.0,49163.0,27.0,123787.0,70.0,48.81,12694.0,10529.0,2165.0,82.94469828265322,17.055301717346776
20,2024-11-05 21:41:37.288234,187772.0,54231.0,28.0,133541.0,69.0,53.16,14822.0,9754.0,5068.0,65.80758332208879,34.19241667791121
21,2024-11-05 21:46:16.735550,191222.0,54772.0,28.0,136450.0,70.0,54.12,3450.0,2909.0,541.0,84.31884057971014,15.681159420289855
22,2024-11-05 21:46:56.159465,192341.0,55245.0,28.0,137096.0,69.0,54.44,1119.0,646.0,473.0,57.73011617515639,42.26988382484361
23,2024-11-05 21:47:38.421173,194592.0,55565.0,28.0,139027.0,70.0,55.08,2251.0,1931.0,320.0,85.78409595735229,14.215904042647711
24,2024-11-05 21:51:39.342723,194702.0,55584.0,28.0,139118.0,70.0,54.66,110.0,91.0,19.0,82.72727272727273,17.272727272727273
25,2024-11-05 22:01:36.468061,196080.0,55696.0,27.0,140384.0,70.0,57.6,1378.0,1266.0,112.0,91.8722786647315,8.127721335268506
26,2024-11-05 22:06:34.140480,200071.0,56831.0,27.0,143240.0,70.0,58.97,3991.0,2856.0,1135.0,71.56101227762466,28.43898772237534
27,2024-11-05 22:11:36.048701,205385.0,57924.0,27.0,147461.0,70.0,60.57,5314.0,4221.0,1093.0,79.43168987579978,20.568310124200227
28,2024-11-05 22:16:29.922229,207777.0,58734.0,27.0,149043.0,70.0,61.22,2392.0,1582.0,810.0,66.1371237458194,33.8628762541806
29,2024-11-05 22:26:34.339890,273906.0,82095.0,29.0,191811.0,68.0,80.7,66129.0,42768.0,23361.0,64.67359252370368,35.32640747629633
30,2024-11-05 22:31:34.399425,285664.0,85544.0,29.0,200120.0,68.0,82.85,11758.0,8309.0,3449.0,70.66678006463685,29.333219935363157
31,2024-11-05 22:34:18.671385,304899.0,90984.0,29.0,213915.0,68.0,88.41,19235.0,13795.0,5440.0,71.71822199116194,28.281778008838053
32,2024-11-05 22:41:28.459450,306094.0,91092.0,29.0,215002.0,69.0,88.32,1195.0,1087.0,108.0,90.9623430962343,9.037656903765692
33,2024-11-05 22:46:28.868284,308744.0,91372.0,29.0,217372.0,69.0,88.94,2650.0,2370.0,280.0,89.43396226415095,10.566037735849058
34,2024-11-05 22:51:52.475819,321908.0,97506.0,29.0,224402.0,68.0,92.72,13164.0,7030.0,6134.0,53.40322090549985,46.59677909450015
35,2024-11-05 23:00:32.514093,323247.0,97696.0,29.0,225551.0,68.0,93.11,1339.0,1149.0,190.0,85.81030619865572,14.189693801344285
36,2024-11-05 23:01:45.839884,334073.0,104347.0,30.0,229726.0,67.0,96.21,10826.0,4175.0,6651.0,38.564566783668944,61.435433216331056
37,2024-11-05 23:06:18.546377,338013.0,104898.0,30.0,233115.0,67.0,97.33,3940.0,3389.0,551.0,86.01522842639594,13.98477157360406
38,2024-11-05 23:11:27.827937,342352.0,106492.0,30.0,235860.0,67.0,98.59,4339.0,2745.0,1594.0,63.26342475224707,36.73657524775294
39,2024-11-05 23:21:16.115180,350844.0,110176.0,30.0,240668.0,67.0,99.0,8492.0,4808.0,3684.0,56.617993405558174,43.38200659444183
40,2024-11-05 23:31:54.003902,351779.0,110827.0,30.0,240952.0,67.0,99.0,935.0,284.0,651.0,30.374331550802143,69.62566844919786
41,2024-11-08 15:26:11.795344,357909.0,111966.0,30.0,245943.0,67.0,98.96,6130.0,4991.0,1139.0,81.41924959216966,18.580750407830344
42,2024-11-07 09:57:21.890167,358038.0,112019.0,30.0,246019.0,67.0,99.0,129.0,76.0,53.0,58.91472868217055,41.08527131782946
43,2024-11-06 13:31:16.634084,358047.0,112028.0,30.0,246019.0,67.0,98.98,9.0,0.0,9.0,0.0,100.0
44,2024-11-06 02:36:03.815424,358103.0,112070.0,30.0,246033.0,67.0,99.0,56.0,14.0,42.0,25.0,75.0
