,Datetime_Extraction,Total_Votes,KH_Vote_Count,KH_Vote_Pct,DT_Vote_Count,DT_Vote_Pct,Pct_Reported,Additional_Votes_Since_Last_Update
0,2024-11-05 13:57:33.481434,0,0,0.0,0,0.0,0.0,0.0
1,2024-11-05 18:37:34.695112,75224,28792,37.0,46432,61.0,1.27,75224.0
2,2024-11-05 18:38:21.931110,150823,63813,42.0,87010,57.0,2.54,75599.0
3,2024-11-05 18:39:52.344029,161839,66282,40.0,95557,58.0,2.72,11016.0
4,2024-11-05 18:42:39.907675,210989,93031,43.0,117958,55.0,3.55,49150.0
5,2024-11-05 18:43:20.235742,220844,94672,42.0,126172,56.0,3.72,9855.0
6,2024-11-05 18:46:02.613505,284640,119271,41.0,165369,57.0,4.79,63796.0
7,2024-11-05 18:49:34.596562,317473,129109,40.0,188364,58.0,5.34,32833.0
8,2024-11-05 18:51:52.615343,336678,135708,40.0,200970,59.0,5.66,19205.0
9,2024-11-05 18:52:15.175789,441794,194239,43.0,247555,55.0,7.43,105116.0
10,2024-11-05 18:53:57.719795,442011,194309,43.0,247702,55.0,7.44,217.0
11,2024-11-05 18:56:09.610010,491323,208623,42.0,282700,57.0,8.27,49312.0
12,2024-11-05 18:56:39.863198,588774,269748,45.0,319026,53.0,9.9,97451.0
13,2024-11-05 18:57:56.145883,830510,439705,52.0,390805,46.0,13.98,241736.0
14,2024-11-05 18:58:16.530495,1246213,656821,52.0,589392,46.0,20.96,415703.0
15,2024-11-05 18:59:21.444174,1285933,676839,52.0,609094,47.0,21.63,39720.0
16,2024-11-05 19:01:37.600216,1304691,681256,51.0,623435,47.0,21.95,18758.0
17,2024-11-05 19:02:12.192408,1507219,826351,54.0,680868,44.0,25.35,202528.0
18,2024-11-05 19:04:22.608155,1689618,906171,53.0,783447,46.0,28.42,182399.0
19,2024-11-05 19:06:21.677297,1690325,906272,53.0,784053,46.0,28.43,707.0
20,2024-11-05 19:07:26.826890,1845376,990208,53.0,855168,45.0,31.08,155051.0
21,2024-11-05 19:08:35.603914,1846015,990283,53.0,855732,45.0,31.09,639.0
22,2024-11-05 19:09:03.196793,1847715,990703,53.0,857012,46.0,31.12,1700.0
23,2024-11-05 19:10:28.155640,1943209,1024190,52.0,919019,46.0,32.74,95494.0
24,2024-11-05 19:10:43.832591,1996777,1047865,52.0,948912,47.0,33.64,53568.0
25,2024-11-05 19:13:49.368413,2016620,1054726,51.0,961894,47.0,33.96,19843.0
26,2024-11-05 19:15:31.087408,2057494,1071553,51.0,985941,47.0,34.64,40874.0
27,2024-11-05 19:15:55.050435,2067816,1074656,51.0,993160,47.0,34.82,10322.0
28,2024-11-05 19:16:14.060814,2111025,1090108,51.0,1020917,47.0,35.54,43209.0
29,2024-11-05 19:17:08.557916,2115847,1093377,51.0,1022470,47.0,35.63,4822.0
30,2024-11-05 19:18:27.538435,2116728,1093666,51.0,1023062,47.0,35.64,881.0
31,2024-11-05 19:18:51.328246,2134086,1099240,51.0,1034846,48.0,35.93,17358.0
32,2024-11-05 19:19:17.159599,2182857,1112974,50.0,1069883,48.0,36.75,48771.0
33,2024-11-05 19:20:31.877430,2183725,1113178,50.0,1070547,48.0,36.77,868.0
34,2024-11-05 19:20:48.623960,2194276,1115205,50.0,1079071,48.0,36.91,10551.0
35,2024-11-05 19:22:17.628465,2228256,1126721,50.0,1101535,49.0,37.48,33980.0
36,2024-11-05 19:22:32.845450,2274747,1144308,49.0,1130439,49.0,38.27,46491.0
37,2024-11-05 19:25:05.529327,2282489,1146499,49.0,1135990,49.0,38.4,7742.0
38,2024-11-05 19:25:23.647193,2330270,1163044,49.0,1167226,49.0,39.2,47781.0
39,2024-11-05 19:28:31.170040,2342193,1165808,49.0,1176385,49.0,39.4,11923.0
40,2024-11-05 19:31:33.571017,2377710,1178374,49.0,1199336,50.0,40.0,35517.0
41,2024-11-05 19:33:59.972294,2449349,1204623,48.0,1244726,50.0,41.2,71639.0
42,2024-11-05 19:36:56.186535,2453893,1205947,48.0,1247946,50.0,41.28,4544.0
43,2024-11-05 19:37:41.020128,2460164,1206941,48.0,1253223,50.0,41.39,6271.0
44,2024-11-05 19:38:46.041744,2466969,1209225,48.0,1257744,50.0,41.5,6805.0
45,2024-11-05 19:39:11.051087,2475188,1211217,48.0,1263971,50.0,41.64,8219.0
46,2024-11-05 19:40:13.807439,2499516,1217158,48.0,1282358,50.0,42.05,24328.0
47,2024-11-05 19:41:06.076519,2508676,1219719,48.0,1288957,51.0,42.21,9160.0
48,2024-11-05 19:41:44.743755,2514034,1221077,48.0,1292957,51.0,42.3,5358.0
49,2024-11-05 19:42:33.699672,2514056,1221080,48.0,1292976,51.0,42.3,22.0
50,2024-11-05 19:43:22.215652,2521825,1225749,48.0,1296076,51.0,42.43,7769.0
51,2024-11-05 19:43:50.859947,2561629,1237312,47.0,1324317,51.0,43.1,39804.0
52,2024-11-05 19:46:16.093187,2590893,1246476,47.0,1344417,51.0,43.59,29264.0
53,2024-11-05 19:47:06.683521,2597635,1250678,47.0,1346957,51.0,43.71,6742.0
54,2024-11-05 19:48:12.085425,2614744,1262307,47.0,1352437,51.0,44.07,17109.0
55,2024-11-05 19:49:31.914511,2640789,1269140,47.0,1371649,51.0,44.6,26045.0
56,2024-11-05 19:50:26.318877,2651414,1272711,47.0,1378703,51.0,44.78,10625.0
57,2024-11-05 19:50:54.034137,2653380,1273021,47.0,1380359,51.0,44.82,1966.0
58,2024-11-05 19:52:17.531532,2675412,1277608,47.0,1397804,51.0,45.19,22032.0
59,2024-11-05 19:53:14.818840,2675883,1277987,47.0,1397896,51.0,45.2,471.0
60,2024-11-05 19:53:41.978154,2678037,1278434,47.0,1399603,51.0,45.24,2154.0
61,2024-11-05 19:55:45.764229,2686899,1280044,47.0,1406855,51.0,45.29,8862.0
62,2024-11-05 19:57:55.718627,2694239,1280984,47.0,1413255,52.0,45.44,7340.0
63,2024-11-05 19:58:25.572845,2773712,1306022,46.0,1467690,52.0,46.79,79473.0
64,2024-11-05 19:59:48.333117,2774473,1306301,46.0,1468172,52.0,46.8,761.0
65,2024-11-05 20:00:31.377312,2776364,1306301,46.0,1470063,52.0,46.83,1891.0
66,2024-11-05 20:01:33.714227,2844961,1331804,46.0,1513157,52.0,48.0,68597.0
67,2024-11-05 20:02:12.256627,2864464,1342880,46.0,1521584,52.0,48.3,19503.0
68,2024-11-05 20:02:55.093331,2871238,1345314,46.0,1525924,52.0,48.41,6774.0
69,2024-11-05 20:04:15.951993,2917642,1355194,46.0,1562448,53.0,49.21,46404.0
70,2024-11-05 20:05:15.579715,2926105,1357351,46.0,1568754,53.0,49.35,8463.0
71,2024-11-05 20:07:04.495033,2949305,1368925,46.0,1580380,53.0,49.75,23200.0
72,2024-11-05 20:07:23.230544,2979225,1376359,45.0,1602866,53.0,50.25,29920.0
73,2024-11-05 20:08:15.504642,2988655,1378896,45.0,1609759,53.0,50.41,9430.0
74,2024-11-05 20:09:49.435036,3005779,1384073,45.0,1621706,53.0,50.74,17124.0
75,2024-11-05 20:10:17.549929,3045336,1394386,45.0,1650950,53.0,51.41,39557.0
76,2024-11-05 20:11:38.999415,3050643,1395858,45.0,1654785,53.0,51.49,5307.0
77,2024-11-05 20:12:22.410061,3053001,1396374,45.0,1656627,53.0,51.53,2358.0
78,2024-11-05 20:13:35.039448,3105637,1414479,45.0,1691158,54.0,52.42,52636.0
79,2024-11-05 20:14:03.789644,3105984,1414507,45.0,1691477,54.0,52.37,347.0
80,2024-11-05 20:19:11.059684,3304889,1511565,45.0,1793324,53.0,55.75,198905.0
81,2024-11-05 20:19:34.651066,3364652,1531113,45.0,1833539,54.0,56.76,59763.0
82,2024-11-05 20:21:19.747753,3364760,1531146,45.0,1833614,54.0,56.76,108.0
83,2024-11-05 20:22:14.729827,3397293,1539941,44.0,1857352,54.0,57.31,32533.0
84,2024-11-05 20:23:50.285409,3403243,1541101,44.0,1862142,54.0,57.46,5950.0
85,2024-11-05 20:25:21.265248,3448775,1555856,44.0,1892919,54.0,58.28,45532.0
86,2024-11-05 20:28:44.578019,3478631,1564344,44.0,1914287,54.0,58.79,29856.0
87,2024-11-05 20:31:06.507418,3566428,1593059,44.0,1973369,54.0,60.22,87797.0
88,2024-11-05 20:33:08.643788,3572958,1595138,44.0,1977820,54.0,60.34,6530.0
89,2024-11-05 20:34:09.521646,3601225,1603920,44.0,1997305,55.0,60.83,28267.0
90,2024-11-05 20:59:43.218810,4132951,1813042,43.0,2319909,55.0,70.02,531726.0
91,2024-11-05 21:01:43.745848,4155066,1817854,43.0,2337212,55.0,70.39,22115.0
92,2024-11-05 21:02:36.933841,4161210,1819722,43.0,2341488,55.0,70.49,6144.0
93,2024-11-05 21:03:27.251477,4184378,1827617,43.0,2356761,55.0,70.88,23168.0
94,2024-11-05 21:04:42.023415,4223701,1844053,43.0,2379648,55.0,71.55,39323.0
95,2024-11-05 21:07:28.700174,4226030,1844508,43.0,2381522,55.0,71.76,2329.0
96,2024-11-05 21:07:46.408992,4232173,1845916,43.0,2386257,55.0,71.76,6143.0
97,2024-11-05 21:10:26.538995,4268350,1856538,43.0,2411812,56.0,72.37,36177.0
98,2024-11-05 21:12:38.823807,4283181,1861736,43.0,2421445,56.0,73.08,14831.0
99,2024-11-05 21:13:24.514897,4298264,1865988,43.0,2432276,56.0,73.34,15083.0
100,2024-11-05 21:16:36.493828,4319260,1873302,43.0,2445958,56.0,73.56,20996.0
101,2024-11-05 21:17:24.519679,4325115,1875509,42.0,2449606,56.0,73.75,5855.0
102,2024-11-05 21:23:01.910582,4614450,2019808,43.0,2594642,55.0,78.72,289335.0
103,2024-11-05 21:25:28.401636,4630899,2026706,43.0,2604193,55.0,79.04,16449.0
104,2024-11-05 21:31:34.395809,4675579,2042012,43.0,2633567,55.0,79.94,44680.0
105,2024-11-05 21:34:16.872461,4676707,2042172,43.0,2634535,55.0,79.92,1128.0
106,2024-11-05 21:37:33.612565,4697316,2047421,43.0,2649895,55.0,80.27,20609.0
107,2024-11-05 21:39:30.570254,4706690,2049785,43.0,2656905,55.0,80.47,9374.0
108,2024-11-05 21:40:11.533309,4854202,2109348,43.0,2744854,56.0,83.0,147512.0
109,2024-11-05 21:43:18.262165,4865665,2114725,43.0,2750940,56.0,83.12,11463.0
110,2024-11-05 21:43:34.109074,4883848,2120885,43.0,2762963,56.0,83.43,18183.0
111,2024-11-05 21:46:16.735550,4943722,2157773,43.0,2785949,55.0,84.72,59874.0
112,2024-11-05 21:46:40.590113,4945069,2158176,43.0,2786893,55.0,84.74,1347.0
113,2024-11-05 21:49:13.567151,4981876,2179326,43.0,2802550,55.0,85.42,36807.0
114,2024-11-05 21:52:25.443590,5005400,2192265,43.0,2813135,55.0,85.82,23524.0
115,2024-11-05 21:55:18.179871,5042996,2202931,43.0,2840065,55.0,86.42,37596.0
116,2024-11-05 21:58:22.131342,5068248,2210078,43.0,2858170,55.0,86.85,25252.0
117,2024-11-05 22:01:36.468061,5118022,2238797,43.0,2879225,55.0,87.78,49774.0
118,2024-11-05 22:04:22.169100,5131632,2241869,43.0,2889763,55.0,88.01,13610.0
119,2024-11-05 22:16:29.922229,5213442,2291167,43.0,2922275,55.0,90.88,81810.0
120,2024-11-05 22:19:19.607392,5217211,2292750,43.0,2924461,55.0,90.95,3769.0
121,2024-11-05 22:22:30.233636,5246610,2307646,43.0,2938964,55.0,91.46,29399.0
122,2024-11-05 22:23:19.381168,5250415,2308515,43.0,2941900,55.0,91.57,3805.0
123,2024-11-05 22:28:52.623269,5252527,2309590,43.0,2942937,55.0,91.61,2112.0
124,2024-11-05 22:30:38.460669,5268260,2312898,43.0,2955362,55.0,91.89,15733.0
125,2024-11-05 22:31:34.399425,5280364,2319615,43.0,2960749,55.0,92.1,12104.0
126,2024-11-05 22:41:49.277328,5297956,2328153,43.0,2969803,55.0,92.41,17592.0
127,2024-11-05 22:43:26.166355,5310078,2331662,43.0,2978416,55.0,92.66,12122.0
128,2024-11-05 22:46:55.032413,5396780,2385801,43.0,3010979,55.0,94.22,86702.0
129,2024-11-05 22:52:24.714844,5396973,2385899,43.0,3011074,55.0,94.22,193.0
130,2024-11-05 22:55:17.750723,5409481,2392144,43.0,3017337,55.0,94.56,12508.0
131,2024-11-05 22:55:37.755416,5431772,2399973,43.0,3031799,55.0,94.95,22291.0
132,2024-11-05 23:18:40.818670,5436314,2402724,43.0,3033590,55.0,95.34,4542.0
133,2024-11-05 23:19:32.801558,5436327,2402727,43.0,3033600,55.0,95.34,13.0
134,2024-11-05 22:58:24.467419,5437434,2402282,43.0,3035152,55.0,95.12,1107.0
135,2024-11-05 23:13:17.578787,5440119,2403593,43.0,3036526,55.0,95.36,2685.0
136,2024-11-05 23:22:24.120979,5461329,2413842,43.0,3047487,55.0,95.78,21210.0
137,2024-11-05 23:25:34.281296,5462573,2414277,43.0,3048296,55.0,95.84,1244.0
138,2024-11-05 23:31:54.003902,5466314,2416736,43.0,3049578,55.0,95.89,3741.0
139,2024-11-05 23:37:38.808022,5466331,2416739,43.0,3049592,55.0,95.85,17.0
140,2024-11-05 23:43:41.201062,5493030,2425989,43.0,3067041,55.0,96.36,26699.0
141,2024-11-05 23:58:28.225005,5516052,2441987,43.0,3074065,55.0,96.78,23022.0
142,2024-11-06 00:04:12.553506,5519857,2442856,43.0,3077001,55.0,97.1,3805.0
143,2024-11-06 00:13:26.742175,5521162,2443238,43.0,3077924,55.0,97.99,1305.0
144,2024-11-06 00:25:39.555735,5552666,2456606,43.0,3096060,55.0,98.53,31504.0
145,2024-11-06 01:13:08.647906,5581122,2469051,43.0,3112071,55.0,98.95,28456.0
146,2024-11-06 01:33:41.705101,5591868,2475390,43.0,3116478,55.0,99.0,10746.0
147,2024-11-06 01:33:14.828785,5591872,2475390,43.0,3116482,55.0,99.0,4.0
148,2024-11-06 03:04:39.136764,5592582,2476003,43.0,3116579,55.0,98.99,710.0
149,2024-11-06 01:49:20.058666,5592877,2476022,43.0,3116855,55.0,99.0,295.0
150,2024-11-06 01:50:40.195880,5592881,2476022,43.0,3116859,55.0,99.0,4.0
