,Datetime_Extraction,Total_Votes,KH_Vote_Count,KH_Vote_Pct,DT_Vote_Count,DT_Vote_Pct,Pct_Reported,Additional_Votes_Since_Last_Update,Additional_Trump_Votes_Since_Last_Update,Additional_Harris_Votes_Since_Last_Update,Pct_New_Votes_For_Trump,Pct_New_Votes_For_Harris
0,2024-11-05 13:57:33.481434,0.0,0.0,0.0,0.0,0.0,0.0,0.0,0.0,0.0,0.0,0.0
1,2024-11-05 22:03:24.271211,16763.0,9553.0,55.0,7210.0,41.0,1.0,16763.0,7210.0,9553.0,43.01139414186005,56.98860585813995
2,2024-11-05 22:03:45.208838,1023780.0,622204.0,59.0,401576.0,38.0,43.61,1007017.0,394366.0,612651.0,39.161801637906805,60.83819836209319
3,2024-11-05 22:08:08.959811,1063670.0,636369.0,58.0,427301.0,39.0,45.31,39890.0,25725.0,14165.0,64.48984707946855,35.51015292053146
4,2024-11-05 22:08:27.533301,1069663.0,638492.0,58.0,431171.0,39.0,45.56,5993.0,3870.0,2123.0,64.57533789420992,35.42466210579009
5,2024-11-05 22:10:51.907521,1096260.0,654353.0,58.0,441907.0,39.0,46.7,26597.0,10736.0,15861.0,40.365454750535775,59.634545249464225
6,2024-11-05 22:11:12.752131,1186144.0,704573.0,57.0,481571.0,39.0,50.52,89884.0,39664.0,50220.0,44.12798718348093,55.87201281651907
7,2024-11-05 22:15:02.897578,1200193.0,707951.0,57.0,492242.0,40.0,51.11,14049.0,10671.0,3378.0,75.9555840273329,24.044415972667093
8,2024-11-05 22:15:28.935421,1270632.0,742539.0,57.0,528093.0,40.0,54.1,70439.0,35851.0,34588.0,50.89652039353199,49.10347960646801
9,2024-11-05 22:15:46.834794,1329749.0,764419.0,56.0,565330.0,41.0,56.63,59117.0,37237.0,21880.0,62.98864962701084,37.011350372989156
10,2024-11-05 22:16:29.922229,1372120.0,776571.0,55.0,595549.0,42.0,58.43,42371.0,30219.0,12152.0,71.32000660829341,28.679993391706592
11,2024-11-05 22:31:34.399425,1408623.0,793677.0,55.0,614946.0,42.0,60.04,36503.0,19397.0,17106.0,53.138098238500945,46.861901761499055
12,2024-11-05 22:34:48.643995,1408762.0,793677.0,54.0,615085.0,42.0,60.1,139.0,139.0,0.0,100.0,0.0
13,2024-11-05 22:46:28.868284,1408879.0,793717.0,54.0,615162.0,42.0,60.11,117.0,77.0,40.0,65.8119658119658,34.18803418803419
14,2024-11-05 22:47:25.764379,1408931.0,793769.0,54.0,615162.0,42.0,60.11,52.0,0.0,52.0,0.0,100.0
15,2024-11-05 22:57:31.927505,1409089.0,793863.0,54.0,615226.0,42.0,60.12,158.0,64.0,94.0,40.50632911392405,59.49367088607595
16,2024-11-05 23:14:01.129696,1424196.0,800489.0,54.0,623707.0,42.0,60.77,15107.0,8481.0,6626.0,56.13953796253392,43.86046203746608
17,2024-11-05 23:14:24.878587,1424244.0,800499.0,54.0,623745.0,42.0,60.77,48.0,38.0,10.0,79.16666666666666,20.833333333333336
18,2024-11-05 23:16:45.696293,1426384.0,801341.0,54.0,625043.0,42.0,60.87,2140.0,1298.0,842.0,60.65420560747663,39.345794392523366
19,2024-11-05 23:31:54.003902,1426658.0,801397.0,54.0,625261.0,42.0,60.88,274.0,218.0,56.0,79.56204379562044,20.437956204379564
20,2024-11-05 23:37:38.808022,1428904.0,801794.0,54.0,627110.0,42.0,60.97,2246.0,1849.0,397.0,82.32413178984862,17.67586821015138
21,2024-11-06 01:17:07.735514,1430513.0,807784.0,55.0,622729.0,42.0,60.9,1609.0,-4381.0,5990.0,-272.2809198259789,372.2809198259789
22,2024-11-05 23:46:17.626965,1431823.0,802545.0,54.0,629278.0,42.0,61.1,1310.0,6549.0,-5239.0,499.92366412213744,-399.9236641221374
23,2024-11-05 23:46:48.492723,1471306.0,834194.0,55.0,637112.0,42.0,62.8,39483.0,7834.0,31649.0,19.841450750956106,80.1585492490439
24,2024-11-05 23:58:04.969976,1473690.0,834938.0,55.0,638752.0,42.0,62.9,2384.0,1640.0,744.0,68.79194630872483,31.20805369127517
25,2024-11-06 00:03:30.041852,1489338.0,843002.0,55.0,646336.0,42.0,63.57,15648.0,7584.0,8064.0,48.466257668711656,51.533742331288344
26,2024-11-06 00:10:08.004854,1516260.0,861270.0,55.0,654990.0,42.0,64.5,26922.0,8654.0,18268.0,32.14471436000297,67.85528563999704
27,2024-11-06 00:15:55.751707,1522268.0,862900.0,55.0,659368.0,42.0,64.76,6008.0,4378.0,1630.0,72.86950732356857,27.130492676431423
28,2024-11-06 00:18:16.549689,1523278.0,863315.0,55.0,659963.0,42.0,64.8,1010.0,595.0,415.0,58.91089108910891,41.089108910891085
29,2024-11-06 00:31:29.047672,1526931.0,864656.0,55.0,662275.0,42.0,64.96,3653.0,2312.0,1341.0,63.290446208595675,36.709553791404325
30,2024-11-06 00:32:09.860375,1530295.0,865554.0,55.0,664741.0,42.0,65.1,3364.0,2466.0,898.0,73.30558858501783,26.694411414982167
31,2024-11-06 00:38:12.767191,1534830.0,866957.0,55.0,667873.0,42.0,65.3,4535.0,3132.0,1403.0,69.06284454244764,30.937155457552368
32,2024-11-06 00:46:34.118170,1539597.0,869492.0,55.0,670105.0,42.0,65.51,4767.0,2232.0,2535.0,46.82190056639396,53.17809943360604
33,2024-11-06 00:46:51.440993,1541186.0,869850.0,55.0,671336.0,42.0,65.58,1589.0,1231.0,358.0,77.47010698552549,22.52989301447451
34,2024-11-06 00:57:00.005531,1546886.0,871963.0,54.0,674923.0,42.0,65.83,5700.0,3587.0,2113.0,62.929824561403514,37.07017543859649
35,2024-11-06 01:01:53.111092,1558342.0,878235.0,54.0,680107.0,42.0,66.32,11456.0,5184.0,6272.0,45.2513966480447,54.7486033519553
36,2024-11-06 01:08:28.756375,1559260.0,878688.0,54.0,680572.0,42.0,66.36,918.0,465.0,453.0,50.65359477124183,49.34640522875817
37,2024-11-06 01:16:27.240791,1577582.0,889507.0,54.0,688075.0,42.0,67.15,18322.0,7503.0,10819.0,40.9507695666412,59.0492304333588
38,2024-11-06 01:20:30.221270,1579716.0,890537.0,54.0,689179.0,42.0,67.24,2134.0,1104.0,1030.0,51.73383317713215,48.26616682286786
39,2024-11-06 01:31:10.769085,1589998.0,895199.0,54.0,694799.0,42.0,67.69,10282.0,5620.0,4662.0,54.65862672631784,45.34137327368216
40,2024-11-06 01:53:40.805195,1592442.0,896480.0,54.0,695962.0,42.0,67.8,2444.0,1163.0,1281.0,47.58592471358429,52.41407528641571
41,2024-11-06 01:54:24.968752,1596886.0,899415.0,54.0,697471.0,42.0,67.99,4444.0,1509.0,2935.0,33.955895589558956,66.04410441044104
42,2024-11-06 02:01:23.818804,1612857.0,911493.0,55.0,701364.0,42.0,68.68,15971.0,3893.0,12078.0,24.375430467722747,75.62456953227725
43,2024-11-06 02:02:15.724580,1615526.0,912488.0,55.0,703038.0,42.0,68.8,2669.0,1674.0,995.0,62.7201198950918,37.2798801049082
44,2024-11-06 02:16:25.793205,1618405.0,913614.0,55.0,704791.0,42.0,68.93,2879.0,1753.0,1126.0,60.88919763806877,39.11080236193122
45,2024-11-06 02:20:00.539470,1627639.0,918604.0,54.0,709035.0,42.0,67.22,9234.0,4244.0,4990.0,45.96058046350444,54.03941953649556
46,2024-11-06 02:30:58.319203,1629397.0,919191.0,54.0,710206.0,42.0,68.39,1758.0,1171.0,587.0,66.60978384527873,33.39021615472127
47,2024-11-06 02:31:14.228912,1630542.0,919517.0,54.0,711025.0,42.0,68.44,1145.0,819.0,326.0,71.52838427947599,28.471615720524017
48,2024-11-06 02:50:33.568596,1631688.0,919846.0,54.0,711842.0,42.0,68.49,1146.0,817.0,329.0,71.29144851657941,28.708551483420592
49,2024-11-06 03:02:24.690105,1636883.0,921595.0,54.0,715288.0,42.0,68.71,5195.0,3446.0,1749.0,66.33301251203079,33.6669874879692
50,2024-11-06 03:43:12.550564,1638130.0,921856.0,54.0,716274.0,42.0,70.91,1247.0,986.0,261.0,79.06976744186046,20.930232558139537
51,2024-11-06 03:46:13.913819,1651699.0,933120.0,55.0,718579.0,42.0,71.75,13569.0,2305.0,11264.0,16.987250350062645,83.01274964993736
52,2024-11-06 04:05:15.144542,1658827.0,936620.0,54.0,722207.0,42.0,72.59,7128.0,3628.0,3500.0,50.897867564534224,49.10213243546577
53,2024-11-06 04:46:39.220135,1660491.0,936950.0,54.0,723541.0,42.0,72.67,1664.0,1334.0,330.0,80.16826923076923,19.831730769230766
54,2024-11-06 12:01:13.680338,1670976.0,941518.0,54.0,729458.0,42.0,73.13,10485.0,5917.0,4568.0,56.43299952312828,43.56700047687172
55,2024-11-06 05:45:55.456001,1671169.0,941364.0,54.0,729805.0,42.0,73.14,193.0,347.0,-154.0,179.79274611398964,-79.79274611398964
56,2024-11-06 16:31:29.819575,1671181.0,941600.0,54.0,729581.0,42.0,72.76,12.0,-224.0,236.0,-1866.6666666666667,1966.6666666666667
57,2024-11-06 11:16:01.434136,1671477.0,941413.0,54.0,730064.0,42.0,73.15,296.0,483.0,-187.0,163.17567567567568,-63.17567567567568
58,2024-11-06 17:01:29.336828,1672923.0,942306.0,54.0,730617.0,42.0,72.84,1446.0,553.0,893.0,38.243430152143844,61.756569847856156
59,2024-11-06 17:43:57.028787,1674409.0,942659.0,54.0,731750.0,42.0,72.9,1486.0,1133.0,353.0,76.2449528936743,23.75504710632571
60,2024-11-06 17:44:59.806960,1674413.0,942660.0,54.0,731753.0,42.0,72.9,4.0,3.0,1.0,75.0,25.0
61,2024-11-06 18:31:04.436211,1678570.0,944161.0,54.0,734409.0,42.0,73.03,4157.0,2656.0,1501.0,63.892229973538605,36.10777002646139
62,2024-11-06 19:01:23.985595,1762538.0,998343.0,55.0,764195.0,42.0,76.77,83968.0,29786.0,54182.0,35.473037347560975,64.52696265243902
63,2024-11-06 19:03:32.967430,1763677.0,999021.0,55.0,764656.0,42.0,76.84,1139.0,461.0,678.0,40.47410008779631,59.525899912203684
64,2024-11-06 19:03:54.623629,1764057.0,999159.0,55.0,764898.0,42.0,76.84,380.0,242.0,138.0,63.68421052631579,36.31578947368421
65,2024-11-06 19:16:04.351038,1771500.0,1002644.0,55.0,768856.0,42.0,76.44,7443.0,3958.0,3485.0,53.177482198038426,46.822517801961574
66,2024-11-06 19:31:36.691398,1779332.0,1006502.0,55.0,772830.0,42.0,76.78,7832.0,3974.0,3858.0,50.74055158324822,49.25944841675179
67,2024-11-06 19:38:15.105931,1782105.0,1007355.0,54.0,774750.0,42.0,76.9,2773.0,1920.0,853.0,69.23909123692752,30.760908763072486
68,2024-11-06 19:51:50.552329,1786167.0,1008708.0,54.0,777459.0,42.0,77.08,4062.0,2709.0,1353.0,66.69128508124076,33.30871491875923
69,2024-11-07 09:46:24.384403,1791618.0,1011218.0,54.0,780400.0,42.0,77.32,5451.0,2941.0,2510.0,53.95340304531279,46.04659695468721
70,2024-11-07 15:33:35.944161,1792501.0,1011611.0,54.0,780890.0,42.0,77.36,883.0,490.0,393.0,55.492638731596834,44.50736126840317
71,2024-11-07 19:01:52.441002,1856705.0,1051808.0,55.0,804897.0,42.0,80.18,64204.0,24007.0,40197.0,37.39175129275434,62.60824870724565
72,2024-11-07 19:31:33.739396,1857579.0,1052059.0,55.0,805520.0,42.0,80.19,874.0,623.0,251.0,71.28146453089245,28.718535469107554
73,2024-11-07 20:16:15.014198,1873282.0,1059358.0,54.0,813924.0,42.0,80.87,15703.0,8404.0,7299.0,53.518435967649495,46.481564032350505
74,2024-11-08 07:43:47.773474,1882429.0,1063629.0,54.0,818800.0,42.0,81.28,9147.0,4876.0,4271.0,53.307095222477315,46.692904777522685
75,2024-11-08 13:01:35.169124,1882430.0,1063629.0,54.0,818801.0,42.0,81.28,1.0,1.0,0.0,100.0,0.0
76,2024-11-08 16:01:35.869337,1882983.0,1063815.0,54.0,819168.0,42.0,81.3,553.0,367.0,186.0,66.36528028933093,33.634719710669074
77,2024-11-08 17:01:36.108629,1914643.0,1089779.0,55.0,824864.0,41.0,82.7,31660.0,5696.0,25964.0,17.99115603284902,82.00884396715098
78,2024-11-08 17:46:24.615224,1918262.0,1092001.0,55.0,826261.0,41.0,82.94,3619.0,1397.0,2222.0,38.60182370820669,61.39817629179332
79,2024-11-08 18:01:24.370707,1944908.0,1109899.0,55.0,835009.0,41.0,84.13,26646.0,8748.0,17898.0,32.83044359378518,67.16955640621481
80,2024-11-08 18:16:35.541830,1946136.0,1110494.0,55.0,835642.0,41.0,83.83,1228.0,633.0,595.0,51.54723127035831,48.45276872964169
81,2024-11-08 18:39:39.633860,1949155.0,1111712.0,55.0,837443.0,41.0,83.96,3019.0,1801.0,1218.0,59.65551507121564,40.34448492878436
82,2024-11-08 19:01:19.854955,1971555.0,1124008.0,55.0,847547.0,41.0,84.73,22400.0,10104.0,12296.0,45.107142857142854,54.892857142857146
83,2024-11-08 19:46:11.510595,1971815.0,1124180.0,55.0,847635.0,41.0,84.77,260.0,88.0,172.0,33.84615384615385,66.15384615384615
84,2024-11-08 22:02:09.542769,1987759.0,1131896.0,55.0,855863.0,41.0,85.5,15944.0,8228.0,7716.0,51.605619668840944,48.394380331159056
85,2024-11-10 09:41:40.293920,2016501.0,1155481.0,55.0,861020.0,41.0,85.71,28742.0,5157.0,23585.0,17.942383967712754,82.05761603228726
