,Datetime_Extraction,Total_Votes,KH_Vote_Count,KH_Vote_Pct,DT_Vote_Count,DT_Vote_Pct,Pct_Reported,Additional_Votes_Since_Last_Update,Additional_Trump_Votes_Since_Last_Update,Additional_Harris_Votes_Since_Last_Update,Pct_New_Votes_For_Trump,Pct_New_Votes_For_Harris
0,2024-11-05 13:57:33.481434,0.0,0.0,0.0,0.0,0.0,0.0,0.0,0.0,0.0,0.0,0.0
1,2024-11-05 22:08:27.533301,310699.0,172081.0,54.0,138618.0,43.0,7.29,310699.0,138618.0,172081.0,44.61488450236402,55.38511549763597
2,2024-11-05 22:09:27.428605,423068.0,214596.0,49.0,208472.0,48.0,9.92,112369.0,69854.0,42515.0,62.16483193763405,37.83516806236595
3,2024-11-05 22:11:12.752131,438348.0,224028.0,49.0,214320.0,47.0,10.28,15280.0,5848.0,9432.0,38.27225130890052,61.72774869109947
4,2024-11-05 22:11:57.918626,463659.0,232932.0,49.0,230727.0,48.0,10.87,25311.0,16407.0,8904.0,64.8216190589072,35.178380941092804
5,2024-11-05 22:12:52.932808,483523.0,241398.0,48.0,242125.0,48.0,11.34,19864.0,11398.0,8466.0,57.380185259766414,42.619814740233586
6,2024-11-05 22:13:13.895264,492881.0,244870.0,48.0,248011.0,49.0,11.55,9358.0,5886.0,3472.0,62.89805513998717,37.10194486001283
7,2024-11-05 22:13:38.494100,872971.0,435320.0,48.0,437651.0,48.0,20.48,380090.0,189640.0,190450.0,49.89344628903681,50.1065537109632
8,2024-11-05 22:13:56.470877,1619996.0,1010777.0,60.0,609219.0,36.0,38.03,747025.0,171568.0,575457.0,22.966835112613364,77.03316488738663
9,2024-11-05 22:14:21.885160,1648491.0,1024957.0,60.0,623534.0,36.0,38.7,28495.0,14315.0,14180.0,50.23688366380067,49.76311633619933
10,2024-11-05 22:16:05.435649,1841601.0,1129880.0,59.0,711721.0,37.0,43.22,193110.0,88187.0,104923.0,45.666718450623996,54.333281549376
11,2024-11-05 22:16:29.922229,1861407.0,1142050.0,59.0,719357.0,37.0,43.68,19806.0,7636.0,12170.0,38.553973543370695,61.4460264566293
12,2024-11-05 22:16:58.386315,1955422.0,1199638.0,59.0,755784.0,37.0,45.88,94015.0,36427.0,57588.0,38.74594479604318,61.25405520395682
13,2024-11-05 22:17:22.964149,2013719.0,1229231.0,59.0,784488.0,38.0,47.24,58297.0,28704.0,29593.0,49.23752508705422,50.76247491294578
14,2024-11-05 22:17:39.277888,2018823.0,1230499.0,59.0,788324.0,38.0,47.36,5104.0,3836.0,1268.0,75.15673981191222,24.843260188087772
15,2024-11-05 22:18:04.931102,2034777.0,1242671.0,59.0,792106.0,38.0,47.74,15954.0,3782.0,12172.0,23.705653754544315,76.29434624545569
16,2024-11-05 22:19:43.623466,2303549.0,1402369.0,59.0,901180.0,38.0,54.05,268772.0,109074.0,159698.0,40.58235232836754,59.41764767163246
17,2024-11-05 22:20:17.335419,2397556.0,1460524.0,59.0,937032.0,38.0,56.25,94007.0,35852.0,58155.0,38.137585498952205,61.862414501047795
18,2024-11-05 22:21:40.594586,2431892.0,1479508.0,59.0,952384.0,38.0,57.06,34336.0,15352.0,18984.0,44.711090400745576,55.28890959925443
19,2024-11-05 22:23:19.381168,2456510.0,1491420.0,59.0,965090.0,38.0,57.63,24618.0,12706.0,11912.0,51.61264115687708,48.38735884312292
20,2024-11-05 22:26:58.077531,2462537.0,1494069.0,59.0,968468.0,38.0,57.77,6027.0,3378.0,2649.0,56.0477849676456,43.9522150323544
21,2024-11-05 22:29:19.021185,2472400.0,1497058.0,59.0,975342.0,38.0,58.0,9863.0,6874.0,2989.0,69.69481902058197,30.30518097941803
22,2024-11-05 22:36:53.666513,2513645.0,1513282.0,58.0,1000363.0,38.0,58.96,41245.0,25021.0,16224.0,60.66432294823615,39.33567705176385
23,2024-11-05 22:46:28.868284,2515922.0,1513914.0,58.0,1002008.0,38.0,59.02,2277.0,1645.0,632.0,72.24418093983311,27.755819060166885
24,2024-11-05 23:08:15.805242,2546973.0,1527827.0,58.0,1019146.0,39.0,59.74,31051.0,17138.0,13913.0,55.19306946636179,44.80693053363821
25,2024-11-06 15:28:31.379843,2547353.0,1527922.0,58.0,1019431.0,39.0,62.0,380.0,285.0,95.0,75.0,25.0
26,2024-11-06 17:37:24.775018,2620547.0,1584269.0,59.0,1036278.0,38.0,68.78,73194.0,16847.0,56347.0,23.016913954695738,76.98308604530426
27,2024-11-06 17:47:32.515535,2625448.0,1586367.0,59.0,1039081.0,38.0,73.96,4901.0,2803.0,2098.0,57.192409712303615,42.80759028769639
28,2024-11-06 17:55:27.610541,2634724.0,1591607.0,58.0,1043117.0,38.0,75.61,9276.0,4036.0,5240.0,43.510133678309614,56.489866321690386
29,2024-11-06 18:03:06.949202,2635285.0,1591923.0,58.0,1043362.0,38.0,74.63,561.0,245.0,316.0,43.672014260249554,56.32798573975044
30,2024-11-06 18:18:21.633332,2635752.0,1592101.0,58.0,1043651.0,38.0,74.64,467.0,289.0,178.0,61.88436830835118,38.11563169164882
31,2024-11-06 18:20:25.685012,2636501.0,1592669.0,58.0,1043832.0,38.0,74.66,749.0,181.0,568.0,24.16555407209613,75.83444592790387
32,2024-11-06 18:37:26.170560,2686167.0,1620825.0,58.0,1065342.0,38.0,76.09,49666.0,21510.0,28156.0,43.30930616518343,56.69069383481657
33,2024-11-06 18:49:13.731444,2695227.0,1624498.0,58.0,1070729.0,38.0,76.81,9060.0,5387.0,3673.0,59.459161147902876,40.54083885209713
34,2024-11-06 19:05:30.450050,2739551.0,1650918.0,58.0,1088633.0,38.0,78.07,44324.0,17904.0,26420.0,40.393466293655806,59.60653370634419
35,2024-11-06 19:09:35.149635,2739903.0,1651086.0,58.0,1088817.0,38.0,78.15,352.0,184.0,168.0,52.27272727272727,47.72727272727273
36,2024-11-06 19:06:22.670928,2742221.0,1651672.0,58.0,1090549.0,38.0,78.15,2318.0,1732.0,586.0,74.71958584987057,25.28041415012942
37,2024-11-06 19:25:08.217277,2756645.0,1659859.0,58.0,1096786.0,38.0,78.19,14424.0,6237.0,8187.0,43.240432612312816,56.75956738768719
38,2024-11-06 19:35:21.540229,2759280.0,1660933.0,58.0,1098347.0,38.0,77.23,2635.0,1561.0,1074.0,59.24098671726755,40.75901328273245
39,2024-11-06 19:41:26.212376,2771426.0,1667843.0,58.0,1103583.0,38.0,77.57,12146.0,5236.0,6910.0,43.10884241725671,56.89115758274329
40,2024-11-06 19:59:43.087193,2778049.0,1670536.0,58.0,1107513.0,38.0,77.76,6623.0,3930.0,2693.0,59.33866827721577,40.66133172278424
41,2024-11-06 20:01:35.269230,2788016.0,1676401.0,58.0,1111615.0,38.0,78.04,9967.0,4102.0,5865.0,41.15581418681649,58.8441858131835
42,2024-11-06 20:23:13.647563,2808587.0,1686126.0,58.0,1122461.0,38.0,78.63,20571.0,10846.0,9725.0,52.724709542559914,47.275290457440086
43,2024-11-06 20:33:22.914492,2822094.0,1693376.0,58.0,1128718.0,39.0,79.01,13507.0,6257.0,7250.0,46.32412822980677,53.675871770193226
44,2024-11-06 22:52:28.617636,2822286.0,1693479.0,58.0,1128807.0,39.0,79.01,192.0,89.0,103.0,46.35416666666667,53.645833333333336
45,2024-11-06 23:22:15.547700,2825539.0,1694782.0,58.0,1130757.0,39.0,79.11,3253.0,1950.0,1303.0,59.944666461727635,40.055333538272365
46,2024-11-07 13:15:10.449632,2825577.0,1694793.0,58.0,1130784.0,39.0,79.11,38.0,27.0,11.0,71.05263157894737,28.947368421052634
47,2024-11-07 15:23:16.110928,2825775.0,1694864.0,58.0,1130911.0,39.0,79.11,198.0,127.0,71.0,64.14141414141415,35.858585858585855
48,2024-11-07 16:31:14.676115,2826701.0,1695120.0,58.0,1131581.0,39.0,79.14,926.0,670.0,256.0,72.35421166306696,27.645788336933048
49,2024-11-07 17:23:28.702268,2917611.0,1765609.0,58.0,1152002.0,38.0,81.72,90910.0,20421.0,70489.0,22.462875371246287,77.53712462875372
50,2024-11-07 17:25:28.684048,2926511.0,1770801.0,58.0,1155710.0,38.0,81.98,8900.0,3708.0,5192.0,41.662921348314605,58.337078651685395
51,2024-11-07 17:34:35.233444,2927611.0,1771047.0,58.0,1156564.0,38.0,82.01,1100.0,854.0,246.0,77.63636363636364,22.363636363636363
52,2024-11-07 17:44:23.041047,2932157.0,1773664.0,58.0,1158493.0,38.0,82.14,4546.0,1929.0,2617.0,42.43290805103388,57.56709194896612
53,2024-11-07 17:50:41.782882,2938660.0,1776621.0,58.0,1162039.0,38.0,82.29,6503.0,3546.0,2957.0,54.52867907119791,45.471320928802086
54,2024-11-07 18:10:03.838487,2947333.0,1780248.0,58.0,1167085.0,38.0,82.54,8673.0,5046.0,3627.0,58.18056035973711,41.819439640262885
55,2024-11-07 18:18:11.206762,2962963.0,1787344.0,58.0,1175619.0,38.0,82.98,15630.0,8534.0,7096.0,54.600127959053104,45.399872040946896
56,2024-11-07 18:21:51.764936,3005602.0,1810792.0,58.0,1194810.0,38.0,84.21,42639.0,19191.0,23448.0,45.00809118412721,54.99190881587279
57,2024-11-07 18:41:58.729449,3007220.0,1811601.0,58.0,1195619.0,38.0,83.25,1618.0,809.0,809.0,50.0,50.0
58,2024-11-07 18:50:25.899044,3021310.0,1820300.0,58.0,1201010.0,38.0,83.66,14090.0,5391.0,8699.0,38.261178140525196,61.738821859474804
59,2024-11-07 19:03:27.839664,3026930.0,1822633.0,58.0,1204297.0,38.0,83.82,5620.0,3287.0,2333.0,58.487544483985765,41.512455516014235
60,2024-11-07 19:12:12.149581,3074503.0,1850603.0,58.0,1223900.0,38.0,85.18,47573.0,19603.0,27970.0,41.20614634351418,58.793853656485815
61,2024-11-07 19:14:18.610010,3079207.0,1852763.0,58.0,1226444.0,38.0,85.31,4704.0,2544.0,2160.0,54.08163265306123,45.91836734693878
62,2024-11-07 19:22:19.067812,3081309.0,1853840.0,58.0,1227469.0,38.0,85.34,2102.0,1025.0,1077.0,48.76308277830638,51.23691722169362
63,2024-11-07 19:31:33.739396,3102182.0,1863586.0,58.0,1238596.0,38.0,85.93,20873.0,11127.0,9746.0,53.30810137498203,46.69189862501796
64,2024-11-07 19:45:02.637637,3114912.0,1870822.0,58.0,1244090.0,38.0,86.29,12730.0,5494.0,7236.0,43.15789473684211,56.84210526315789
65,2024-11-07 19:47:46.652604,3118811.0,1873037.0,58.0,1245774.0,38.0,86.39,3899.0,1684.0,2215.0,43.19056168248269,56.80943831751731
66,2024-11-07 19:57:36.469515,3121540.0,1874639.0,58.0,1246901.0,38.0,86.47,2729.0,1127.0,1602.0,41.29717845364602,58.70282154635398
67,2024-11-07 20:08:16.369584,3127148.0,1876609.0,58.0,1250539.0,38.0,86.63,5608.0,3638.0,1970.0,64.87161198288159,35.128388017118404
68,2024-11-07 23:17:39.398033,3129923.0,1877859.0,58.0,1252064.0,38.0,86.53,2775.0,1525.0,1250.0,54.95495495495496,45.04504504504504
69,2024-11-08 11:42:10.314454,3133031.0,1879176.0,58.0,1253855.0,38.0,86.56,3108.0,1791.0,1317.0,57.625482625482626,42.374517374517374
70,2024-11-08 12:11:45.921478,3137560.0,1880816.0,58.0,1256744.0,38.0,86.68,4529.0,2889.0,1640.0,63.7889158754692,36.2110841245308
71,2024-11-08 14:22:33.480532,3142028.0,1881988.0,58.0,1260040.0,39.0,86.81,4468.0,3296.0,1172.0,73.76902417188899,26.230975828111013
72,2024-11-08 14:36:43.609191,3144902.0,1883210.0,58.0,1261692.0,39.0,86.89,2874.0,1652.0,1222.0,57.48086290883786,42.51913709116214
73,2024-11-08 15:59:29.947685,3151136.0,1885912.0,58.0,1265224.0,39.0,87.06,6234.0,3532.0,2702.0,56.657042027590634,43.342957972409366
74,2024-11-08 17:24:04.450110,3151190.0,1885929.0,58.0,1265261.0,39.0,87.06,54.0,37.0,17.0,68.51851851851852,31.48148148148148
75,2024-11-08 17:40:36.706867,3152953.0,1886743.0,58.0,1266210.0,39.0,87.08,1763.0,949.0,814.0,53.82870107770845,46.17129892229155
76,2024-11-08 17:47:41.889743,3171190.0,1897171.0,58.0,1274019.0,39.0,87.59,18237.0,7809.0,10428.0,42.819542687942096,57.18045731205791
77,2024-11-08 17:50:29.292962,3257959.0,1962065.0,58.0,1295894.0,38.0,90.08,86769.0,21875.0,64894.0,25.21061669490256,74.78938330509745
78,2024-11-08 18:03:24.585540,3259255.0,1962477.0,58.0,1296778.0,38.0,90.82,1296.0,884.0,412.0,68.20987654320987,31.790123456790127
79,2024-11-08 18:05:36.593015,3265654.0,1965349.0,58.0,1300305.0,38.0,88.42,6399.0,3527.0,2872.0,55.11798718549773,44.88201281450227
80,2024-11-08 18:08:02.480419,3288639.0,1975539.0,58.0,1313100.0,38.0,88.96,22985.0,12795.0,10190.0,55.6667391777246,44.33326082227539
81,2024-11-08 18:31:16.635456,3289980.0,1976158.0,58.0,1313822.0,38.0,87.82,1341.0,722.0,619.0,53.84041759880686,46.15958240119314
82,2024-11-08 18:33:50.747670,3292224.0,1977651.0,58.0,1314573.0,38.0,87.88,2244.0,751.0,1493.0,33.46702317290553,66.53297682709447
83,2024-11-08 18:58:05.975595,3313636.0,1987651.0,58.0,1325985.0,38.0,88.47,21412.0,11412.0,10000.0,53.29721651410424,46.70278348589576
84,2024-11-08 19:16:26.908445,3349768.0,2008449.0,58.0,1341319.0,38.0,89.47,36132.0,15334.0,20798.0,42.438835381379384,57.56116461862061
85,2024-11-08 19:24:24.868098,3354041.0,2010290.0,58.0,1343751.0,38.0,89.58,4273.0,2432.0,1841.0,56.915516030891645,43.084483969108355
86,2024-11-08 19:38:23.192188,3374916.0,2021932.0,58.0,1352984.0,38.0,90.15,20875.0,9233.0,11642.0,44.22994011976048,55.77005988023952
87,2024-11-08 19:58:19.033580,3380561.0,2024951.0,58.0,1355610.0,38.0,90.31,5645.0,2626.0,3019.0,46.51904340124003,53.48095659875997
88,2024-11-08 20:39:11.335402,3386616.0,2028272.0,58.0,1358344.0,38.0,89.76,6055.0,2734.0,3321.0,45.15276630883567,54.847233691164334
89,2024-11-09 15:59:11.496287,3397725.0,2032774.0,58.0,1364951.0,39.0,89.86,11109.0,6607.0,4502.0,59.47430011702224,40.52569988297777
90,2024-11-09 16:50:32.353460,3409315.0,2038761.0,58.0,1370554.0,39.0,89.43,11590.0,5603.0,5987.0,48.343399482312336,51.65660051768766
91,2024-11-09 17:12:15.944028,3423029.0,2047187.0,58.0,1375842.0,39.0,89.81,13714.0,5288.0,8426.0,38.55913664868018,61.44086335131982
92,2024-11-09 17:34:29.700160,3440084.0,2056138.0,58.0,1383946.0,39.0,90.22,17055.0,8104.0,8951.0,47.516857226619756,52.483142773380244
93,2024-11-09 17:47:28.421792,3447097.0,2059038.0,57.0,1388059.0,39.0,90.43,7013.0,4113.0,2900.0,58.64822472550977,41.35177527449023
94,2024-11-09 19:11:08.834114,3455081.0,2063759.0,57.0,1391322.0,39.0,90.62,7984.0,3263.0,4721.0,40.8692384769539,59.1307615230461
95,2024-11-09 20:57:30.829061,3459180.0,2066126.0,57.0,1393054.0,39.0,90.72,4099.0,1732.0,2367.0,42.25420834349841,57.74579165650159
